1756633806777 12.229940360834567 0
1756633878393 12.229940360834567 0
1756633904970 12.229940360834567 0
1756633948871 9.179913737426093 0
1756634382483 8.22556149670822 0
1756634410960 8.21305037485504 0
1756634426976 8.21305037485504 0
1756634456002 8.21305037485504 0
1756634781841 8.21305037485504 0
1756634809784 8.122390002233855 0
1756634817163 8.122390002233855 0
1756634846901 8.122390002233855 0
1756635839818 8.122390002233855 0
1756635961343 8.122390002233855 0
1756635980475 8.122390002233855 0
1756636119014 8.122390002233855 0
