1756633806777 8.767501613592307 0
1756633878393 8.767501613592307 0
1756633904970 8.767501613592307 0
1756633948871 6.09483944144889 0
1756634382483 5.913181155618763 0
1756634410960 5.734862906506669 0
1756634426976 5.734862906506669 0
1756634456002 5.734862906506669 0
1756634781841 5.734862906506669 0
1756634809784 5.488439660307519 0
1756634817163 5.488439660307519 0
1756634846901 5.488439660307519 0
1756635839818 5.488439660307519 0
1756635961343 5.488439660307519 0
1756635980475 5.488439660307519 0
1756636119014 5.488439660307519 0
