1756633806777 3.085195215018756 0
1756633878393 3.085195215018756 0
1756633904970 3.085195215018756 0
1756633948871 5.506301793890322 0
1756634382483 2.000167932614583 0
1756634410960 3.185129426740283 0
1756634426976 3.185129426740283 0
1756634456002 3.185129426740283 0
1756634781841 3.185129426740283 0
1756634809784 2.6626798996860708 0
1756634817163 2.6626798996860708 0
1756634846901 2.6626798996860708 0
1756635839818 2.6626798996860708 0
1756635961343 2.6626798996860708 0
1756635980475 2.6626798996860708 0
1756636119014 2.6626798996860708 0
