1756649041437 2.727004194877372 0
1756649085816 2.9625829316193375 0
1756649163425 2.9625829316193375 0
1756649211121 2.9625829316193375 0
1756650699416 2.9625829316193375 0
1756651057752 2.9625829316193375 0
1756651091290 2.9625829316193375 0
1756651532235 2.9625829316193375 0
1756654074362 2.5268951057851 0
1756654092172 2.5268951057851 0
1756654106456 2.5268951057851 0
1756654122235 2.5268951057851 0
1756654609260 2.5268951057851 0
1756654693054 2.5268951057851 0
1756654732079 2.5268951057851 0
1756654861225 2.5268951057851 0
