1756649041437 9.175366448080938 0
1756649085816 9.321172733895668 0
1756649163425 9.321172733895668 0
1756649211121 9.321172733895668 0
1756650699416 9.321172733895668 0
1756651057752 9.321172733895668 0
1756651091290 9.321172733895668 0
1756651532235 9.321172733895668 0
1756654074362 8.386541104344165 0
1756654092172 8.386541104344165 0
1756654106456 8.386541104344165 0
1756654122235 8.386541104344165 0
1756654609260 8.386541104344165 0
1756654693054 8.386541104344165 0
1756654732079 8.386541104344165 0
1756654861225 8.386541104344165 0
