1756649041437 5.627239470884654 0
1756649085816 5.257542480128413 0
1756649163425 5.257542480128413 0
1756649211121 5.257542480128413 0
1756650699416 5.257542480128413 0
1756651057752 5.257542480128413 0
1756651091290 5.257542480128413 0
1756651532235 5.257542480128413 0
1756654074362 5.100291048912119 0
1756654092172 5.100291048912119 0
1756654106456 5.100291048912119 0
1756654122235 5.100291048912119 0
1756654609260 5.100291048912119 0
1756654693054 5.100291048912119 0
1756654732079 5.100291048912119 0
1756654861225 5.100291048912119 0
