1756886780277 0.29125353825011197 0
1756886816706 0.29125353825011197 0
1756886842637 0.29125353825011036 0
1756886863270 0.14478123028693288 0
1756887266048 0.14497619047619048 0
1756887294561 0.14497619047619048 0
1756887310581 0.14497619047619048 0
1756887339722 0.14497619047619048 0
1756887703862 0.14497619047619048 0
1756887733632 0.14497619047619048 0
1756887741135 0.14497619047619048 0
1756887772501 0.14497619047619048 0
1756888276557 0.14497619047619048 0
1756888402583 0.14497619047619048 0
1756888419028 0.14497619047619048 0
1756888562243 0.14497619047619048 0
1756889695428 0.14497619047619048 0
1756889736603 0.14497619047619048 0
1756889775062 0.14497619047619048 0
1756889812980 0.14497619047619048 0
1756891226771 0.14497619047619048 0
1756891672523 0.14497619047619048 0
1756891706242 0.14497619047619048 0
1756892216804 0.14497619047619048 0
1756895374241 0.14497619047619048 0
1756895390754 0.14497619047619048 0
1756895403166 0.14497619047619048 0
1756895421648 0.14497619047619048 0
1756895773576 0.14522917756012507 0
1756895824132 0.14522917756012507 0
1756895847009 0.14522917756012507 0
1756895950071 0.14522917756012507 0
