1756660700854 6.837086658667049 0
1756660789612 6.837086658667049 0
1756660814116 6.837086658666926 0
1756660835082 4.151679891897621 0
1756661401193 4.160605431395817 0
1756661432486 4.160605431395817 0
1756661449548 4.160605431395817 0
1756661481231 4.160605431395817 0
1756661847771 4.160605431395817 0
1756661881229 4.160605431395817 0
1756661888688 4.160605431395817 0
1756661924105 4.160605431395817 0
1756662417797 3.904407327373331 0
1756662537635 3.904407327373331 0
1756662554883 3.904407327373331 0
1756662690350 3.904407327373331 0
