1756660700854 1.247514610696455 0
1756660789612 1.247514610696455 0
1756660814116 1.2475146106964523 0
1756660835082 0.7967233133146974 0
1756661401193 0.741164205435681 0
1756661432486 0.741164205435681 0
1756661449548 0.741164205435681 0
1756661481231 0.741164205435681 0
1756661847771 0.741164205435681 0
1756661881229 0.741164205435681 0
1756661888688 0.741164205435681 0
1756661924105 0.741164205435681 0
1756662417797 0.7287714326453929 0
1756662537635 0.7287714326453929 0
1756662554883 0.7287714326453929 0
1756662690350 0.7287714326453929 0
