1756277826903 -0.1285031561278273 0
1756277888179 -0.03748199448171252 0
1756277935676 -0.03748199448171252 0
1756277957404 -0.0004032892893777114 0
1756278397778 -0.0004032892893777114 0
1756278426665 -0.0003968321297883063 0
1756278442733 -0.0003968321297883063 0
1756278472097 -0.0003968321297883063 0
1756278803937 -0.0003968321297883063 0
1756278835748 -0.0003968321297883063 0
1756278843216 -0.0003968321297883063 0
1756278876613 -0.0003968321297883063 0
1756279523008 -0.0003968321297883063 0
1756279594940 -0.00037554254229707956 0
1756279610400 -0.00037554254229707956 0
1756279709145 -0.00037554254229707956 0
1756280537202 -0.00037554254229707956 0
1756280566601 -0.00037554254229707956 0
1756280620740 -0.00037554254229707956 0
1756280648993 -0.00037554254229707956 0
1756283879226 -0.00037554254229707956 0
1756284349044 -0.00037554254229707956 0
1756284381889 -0.00037554254229707956 0
1756284900281 -0.00037554254229707956 0
1756286191044 -0.00037554254229707956 0
1756286211051 -0.00037554254229707956 0
1756286229257 -0.00037554254229707956 0
1756286249256 -0.00037554254229707956 0
1756286916810 -0.00037554254229707956 0
1756286959172 -0.00037554254229707956 0
1756286984168 -0.00037554254229707956 0
1756287073948 -0.00037554254229707956 0
