1756277826903 -493.05088892915796 0
1756277888179 -139.21729280649006 0
1756277935676 -139.21729280649006 0
1756277957404 -0.07654934436125993 0
1756278397778 -0.07654934436125993 0
1756278426665 0.11798864176974344 0
1756278442733 0.11798864176974344 0
1756278472097 0.11798864176974344 0
1756278803937 0.11798864176974344 0
1756278835748 0.11798864176974344 0
1756278843216 0.11798864176974344 0
1756278876613 0.11798864176974344 0
1756279523008 0.11798864176974344 0
1756279594940 0.12076655663961489 0
1756279610400 0.12076655663961489 0
1756279709145 0.12076655663961489 0
1756280537202 0.12076655663961489 0
1756280566601 0.12076655663961489 0
1756280620740 0.12076655663961489 0
1756280648993 0.12076655663961489 0
1756283879226 0.12076655663961489 0
1756284349044 0.12076655663961489 0
1756284381889 0.12076655663961489 0
1756284900281 0.12076655663961489 0
1756286191044 0.12076655663961489 0
1756286211051 0.12076655663961489 0
1756286229257 0.12076655663961489 0
1756286249256 0.12076655663961489 0
1756286916810 0.12076655663961489 0
1756286959172 0.12076655663961489 0
1756286984168 0.12076655663961489 0
1756287073948 0.12076655663961489 0
