1756277826903 0.3602941452010236 0
1756277888179 0.1919429438268187 0
1756277935676 0.1919429438268187 0
1756277957404 0.016818541560757315 0
1756278397778 0.016818541560757315 0
1756278426665 0.015223287567900699 0
1756278442733 0.015223287567900699 0
1756278472097 0.015223287567900699 0
1756278803937 0.015223287567900699 0
1756278835748 0.015223287567900699 0
1756278843216 0.015223287567900699 0
1756278876613 0.015223287567900699 0
1756279523008 0.015223287567900699 0
1756279594940 0.01519929561667057 0
1756279610400 0.01519929561667057 0
1756279709145 0.01519929561667057 0
1756280537202 0.01519929561667057 0
1756280566601 0.01519929561667057 0
1756280620740 0.01519929561667057 0
1756280648993 0.01519929561667057 0
1756283879226 0.01519929561667057 0
1756284349044 0.01519929561667057 0
1756284381889 0.01519929561667057 0
1756284900281 0.01519929561667057 0
1756286191044 0.01519929561667057 0
1756286211051 0.01519929561667057 0
1756286229257 0.01519929561667057 0
1756286249256 0.01519929561667057 0
1756286916810 0.01519929561667057 0
1756286959172 0.01519929561667057 0
1756286984168 0.01519929561667057 0
1756287073948 0.01519929561667057 0
