1757520984710 464.1739243924097 0
1757521029221 464.1739243924097 0
1757521069455 464.1739243924097 0
1757521130421 464.1739243924097 0
1757523097022 480.9064493130568 0
1757523557153 480.9064493130568 0
1757523598103 475.29596759231754 0
1757524136498 475.29596759231754 0
1757526642136 448.6792751935609 0
1757526657859 448.6792751935609 0
1757526672214 417.53324161125124 0
1757526688110 417.53324161125124 0
1757527142578 417.53324161125124 0
1757527228244 417.53324161125124 0
1757527256511 417.53324161125124 0
1757527413017 417.53324161125124 0
