1757491811147 -0.4023134216043782 0
1757491881523 -0.4023134216043782 0
1757491907437 -0.4023134216043778 0
1757491936464 -0.4023134216043778 0
1757492315446 -0.4023134216043778 0
1757492342732 -0.4023134216043778 0
1757492358939 -0.4023134216043778 0
1757492386653 -0.4023134216043778 0
1757492706127 -0.4023134216043778 0
1757492731043 -0.4023134216043778 0
1757492738817 -0.4023134216043778 0
1757492763934 -0.4023134216043778 0
1757493541722 -0.4023134216043778 0
1757493598332 -0.4023134216043778 0
1757493612118 -0.4023134216043778 0
1757493690739 -0.4023134216043778 0
1757494647603 -0.4023134216043778 0
1757494746740 -0.4023134216043778 0
1757494837959 -0.4023134216043778 0
1757494939899 -0.4023134216043778 0
1757499316120 -0.4023134216043778 0
1757499714456 -0.4023134216043778 0
1757499743280 -0.4023134216043778 0
1757500147332 -0.4023134216043778 0
1757500456870 -0.18062667504027186 0
1757500475173 0.16755908302531386 0
1757500492347 0.16755908302531386 0
1757500512446 0.16755908302531386 0
1757501704036 0.16755908302531386 0
1757501800090 0.16755908302531386 0
1757501826256 0.16755908302531386 0
1757501901024 0.16755908302531386 0
