1757491811147 -0.006661307287673557 0
1757491881523 -0.006661307287673557 0
1757491907437 -0.006661307287673557 0
1757491936464 -0.006661307287673557 0
1757492315446 -0.006661307287673557 0
1757492342732 -0.006661307287673557 0
1757492358939 -0.006661307287673557 0
1757492386653 -0.006661307287673557 0
1757492706127 -0.006661307287673557 0
1757492731043 -0.006661307287673557 0
1757492738817 -0.006661307287673557 0
1757492763934 -0.006661307287673557 0
1757493541722 -0.006661307287673557 0
1757493598332 -0.006661307287673557 0
1757493612118 -0.006661307287673557 0
1757493690739 -0.006661307287673557 0
1757494647603 -0.006661307287673557 0
1757494746740 -0.006661307287673557 0
1757494837959 -0.006661307287673557 0
1757494939899 -0.006661307287673557 0
1757499316120 -0.006661307287673557 0
1757499714456 -0.006661307287673557 0
1757499743280 -0.006661307287673557 0
1757500147332 -0.006661307287673557 0
