1757491811147 37137248102454.26 0
1757491881523 37137248102454.26 0
1757491907437 37137248102454.26 0
1757491936464 37137248102454.26 0
1757492315446 37137248102454.26 0
1757492342732 37137248102454.26 0
1757492358939 37137248102454.26 0
1757492386653 37137248102454.26 0
1757492706127 37137248102454.26 0
1757492731043 37137248102454.26 0
1757492738817 37137248102454.26 0
1757492763934 37137248102454.26 0
1757493541722 37137248102454.26 0
1757493598332 37137248102454.26 0
1757493612118 37137248102454.26 0
1757493690739 37137248102454.26 0
1757494647603 37137248102454.26 0
1757494746740 37137248102454.26 0
1757494837959 37137248102454.26 0
1757494939899 37137248102454.26 0
1757499316120 37137248102454.26 0
1757499714456 37137248102454.26 0
1757499743280 37137248102454.26 0
1757500147332 37137248102454.26 0
