1757491811147 6094033.812053742 0
1757491881523 6094033.812053742 0
1757491907437 6094033.812053742 0
1757491936464 6094033.812053742 0
1757492315446 6094033.812053742 0
1757492342732 6094033.812053742 0
1757492358939 6094033.812053742 0
1757492386653 6094033.812053742 0
1757492706127 6094033.812053742 0
1757492731043 6094033.812053742 0
1757492738817 6094033.812053742 0
1757492763934 6094033.812053742 0
1757493541722 6094033.812053742 0
1757493598332 6094033.812053742 0
1757493612118 6094033.812053742 0
1757493690739 6094033.812053742 0
1757494647603 6094033.812053742 0
1757494746740 6094033.812053742 0
1757494837959 6094033.812053742 0
1757494939899 6094033.812053742 0
1757499316120 6094033.812053742 0
1757499714456 6094033.812053742 0
1757499743280 6094033.812053742 0
1757500147332 6094033.812053742 0
