1756993363184 -0.8631094623113201 0
1756993459674 -0.43579249949556587 0
1756993536665 -0.370886109783198 0
1756993675314 -0.370886109783198 0
1756997554660 -0.370886109783198 0
1756998022414 -0.370886109783198 0
1756998064936 -0.370886109783198 0
1756998438774 -0.370886109783198 0
1756999563698 -0.370886109783198 0
1756999581894 -0.370886109783198 0
1756999601546 -0.370886109783198 0
1756999622151 -0.370886109783198 0
1757000562001 -0.370886109783198 0
1757000629551 -0.370886109783198 0
1757000662074 -0.370886109783198 0
1757000807066 -0.370886109783198 0
