1756993363184 0.8282659353679215 0
1756993459674 0.6283270412829234 0
1756993536665 0.7861158525052169 0
1756993675314 0.7861158525052169 0
1756997554660 0.7861158525052169 0
1756998022414 0.7861158525052169 0
1756998064936 0.7861158525052169 0
1756998438774 0.7861158525052169 0
1756999563698 0.7861158525052169 0
1756999581894 0.7861158525052169 0
1756999601546 0.7861158525052169 0
1756999622151 0.7861158525052169 0
1757000562001 0.7861158525052169 0
1757000629551 0.7861158525052169 0
1757000662074 0.7861158525052169 0
1757000807066 0.7861158525052169 0
