1756993363184 1.5207717266874279 0
1756993459674 1.3375439578912527 0
1756993536665 1.3302696333353703 0
1756993675314 1.3302696333353703 0
1756997554660 1.3302696333353703 0
1756998022414 1.3302696333353703 0
1756998064936 1.3302696333353703 0
1756998438774 1.3302696333353703 0
1756999563698 1.3302696333353703 0
1756999581894 1.3302696333353703 0
1756999601546 1.3302696333353703 0
1756999622151 1.3302696333353703 0
1757000562001 1.3302696333353703 0
1757000629551 1.3302696333353703 0
1757000662074 1.3302696333353703 0
1757000807066 1.3302696333353703 0
