1757544873107 13.196599149686605 0
1757544910933 13.196599149686605 0
1757544962134 13.19384399807552 0
1757545044571 10.202279475668876 0
1757548617104 9.250161014493905 0
1757548896974 9.250161014493905 0
1757548922717 9.250161014493905 0
1757549289824 9.250161014493905 0
1757549539778 9.250161014493905 0
1757549555237 9.250161014493905 0
1757549569346 9.250161014493905 0
1757549583991 9.250161014493905 0
1757551027097 9.250161014493905 0
1757551151499 9.250161014493905 0
1757551175723 9.250161014493905 0
1757551422014 9.250161014493905 0
