1757080051230 15.631588761429663 0
1757080138250 15.631588761429663 0
1757080177350 15.631588761429663 0
1757080320229 12.807242966291113 0
1757081360672 12.145175370767054 0
1757081852433 12.145175370767054 0
1757081886214 12.145175370767054 0
1757082263342 12.145175370767054 0
1757085777655 12.145175370767054 0
1757085794392 11.31081081081081 0
1757085809419 11.31081081081081 0
1757085826558 11.31081081081081 0
1757086115817 11.31081081081081 0
1757086208903 11.31081081081081 0
1757086237889 11.31081081081081 0
1757086313405 11.31081081081081 0
