1757080051230 18.92592935079084 0
1757080138250 18.92592935079084 0
1757080177350 18.92592935079084 0
1757080320229 15.903195095101635 0
1757081360672 15.613061559596302 0
1757081852433 15.613061559596302 0
1757081886214 15.613061559596302 0
1757082263342 15.613061559596302 0
1757085777655 15.613061559596302 0
1757085794392 14.738486115370634 0
1757085809419 14.738486115370634 0
1757085826558 14.738486115370634 0
1757086115817 14.738486115370634 0
1757086208903 14.738486115370634 0
1757086237889 14.738486115370634 0
1757086313405 14.738486115370634 0
