1756677436251 -0.46249611846946753 0
1756677487897 -0.5128852945798404 0
1756677522144 -0.5128852945798404 0
1756677569511 -0.5128852945798404 0
1756681533968 -0.5128852945798404 0
1756681931595 -0.5128852945798404 0
1756681968437 -0.5128852945798404 0
1756682323588 -0.5128852945798404 0
1756682580282 -0.5128852945798404 0
1756682595463 -0.5128852945798404 0
1756682607919 -0.5128852945798404 0
1756682624338 -0.5128852945798404 0
1756683419103 -0.5128852945798404 0
1756683478842 -0.5128852945798404 0
1756683505014 -0.5128852945798404 0
1756683585473 -0.5128852945798404 0
