1756738774277 -0.3626815339858682 0
1756738851766 -0.3626815339858682 0
1756738884657 -0.36268153398586667 0
1756738908162 -0.025661559129130485 0
1756739295170 -0.025661559129130485 0
1756739324759 -0.025661559129130485 0
1756739341257 -0.025661559129130485 0
1756739370998 -0.025661559129130485 0
1756739693794 0.05116257609750019 0
1756739721056 0.05116257609750019 0
1756739728926 0.05116257609750019 0
1756739757041 0.05116257609750019 0
1756740925494 0.05116257609750019 0
1756741044804 0.05116257609750019 0
1756741065026 0.05116257609750019 0
1756741205293 0.05116257609750019 0
1756742442344 0.05116257609750019 0
1756742473415 0.05116257609750019 0
1756742527306 0.05116257609750019 0
1756742624904 0.05116257609750019 0
1756763815570 0.05116257609750019 0
1756764225061 0.05116257609750019 0
1756764252770 0.05116257609750019 0
1756764728340 0.05116257609750019 0
1756764961802 0.05116257609750019 0
1756764978084 0.05116257609750019 0
1756764990705 0.05116257609750019 0
1756765005813 0.05116257609750019 0
1756765936004 0.05116257609750019 0
1756765999218 0.05116257609750019 0
1756766021823 0.05116257609750019 0
1756766102019 0.05116257609750019 0
