1756738774277 1.235290287773429 0
1756738851766 1.235290287773429 0
1756738884657 1.2352902877734273 0
1756738908162 1.0249161566687095 0
1756739295170 1.0249161566687095 0
1756739324759 1.0249161566687095 0
1756739341257 1.0249161566687095 0
1756739370998 1.0249161566687095 0
1756739693794 0.7175635761589404 0
1756739721056 0.7175635761589404 0
1756739728926 0.7175635761589404 0
1756739757041 0.7175635761589404 0
1756740925494 0.7175635761589404 0
1756741044804 0.7175635761589404 0
1756741065026 0.7175635761589404 0
1756741205293 0.7175635761589404 0
1756742442344 0.7175635761589404 0
1756742473415 0.7175635761589404 0
1756742527306 0.7175635761589404 0
1756742624904 0.7175635761589404 0
1756763815570 0.7175635761589404 0
1756764225061 0.7175635761589404 0
1756764252770 0.7175635761589404 0
1756764728340 0.7175635761589404 0
1756764961802 0.7175635761589404 0
1756764978084 0.7175635761589404 0
1756764990705 0.7175635761589404 0
1756765005813 0.7175635761589404 0
1756765936004 0.7175635761589404 0
1756765999218 0.7175635761589404 0
1756766021823 0.7175635761589404 0
1756766102019 0.7175635761589404 0
