1756303964220 28.17755415400109 0
1756304041502 28.17755415400109 0
1756304068935 28.177554154001133 0
1756304088786 28.177554154001133 0
1756304695342 29.696017071797264 0
1756304725651 29.696017071797264 0
1756304742731 29.696017071797264 0
1756304771735 29.696017071797264 0
1756305188294 29.696017071797264 0
1756305220756 29.696017071797264 0
1756305227635 29.696017071797264 0
1756305257755 29.696017071797264 0
1756305555103 29.696017071797264 0
1756305662059 29.696017071797264 0
1756305677525 29.696017071797264 0
1756305800718 29.696017071797264 0
1756307025556 29.696017071797264 0
1756307069271 29.696017071797264 0
1756307101672 29.696017071797264 0
1756307174931 29.696017071797264 0
1756307950045 28.62229883332058 0
1756308393239 28.62229883332058 0
1756308425582 28.62229883332058 0
1756308944122 28.62229883332058 0
1756312859923 28.62229883332058 0
1756312882508 28.62229883332058 0
1756312902341 28.62229883332058 0
1756312926870 28.62229883332058 0
1756313316251 28.62229883332058 0
1756313572896 28.62229883332058 0
1756313619986 28.62229883332058 0
1756313823368 28.62229883332058 0
