1756303964220 8.177349777872857 0
1756304041502 8.177349777872857 0
1756304068935 8.177349777872852 0
1756304088786 8.177349777872852 0
1756304695342 7.732504450049288 0
1756304725651 7.732504450049288 0
1756304742731 7.732504450049288 0
1756304771735 7.732504450049288 0
1756305188294 7.732504450049288 0
1756305220756 7.732504450049288 0
1756305227635 7.732504450049288 0
1756305257755 7.732504450049288 0
1756305555103 7.732504450049288 0
1756305662059 7.732504450049288 0
1756305677525 7.732504450049288 0
1756305800718 7.732504450049288 0
1756307025556 7.732504450049288 0
1756307069271 7.732504450049288 0
1756307101672 7.732504450049288 0
1756307174931 7.732504450049288 0
1756307950045 7.659752675048372 0
1756308393239 7.659752675048372 0
1756308425582 7.659752675048372 0
1756308944122 7.659752675048372 0
1756312859923 7.659752675048372 0
1756312882508 7.659752675048372 0
1756312902341 7.659752675048372 0
1756312926870 7.659752675048372 0
1756313316251 7.659752675048372 0
1756313572896 7.659752675048372 0
1756313619986 7.659752675048372 0
1756313823368 7.659752675048372 0
