1757059410506 536.6474763175073 0
1757059496704 452.02533905699164 0
1757059577294 452.02533905699164 0
1757059730889 380.65334636359256 0
1757060505628 368.42600000000004 0
1757060533808 368.42600000000004 0
1757060550517 368.42600000000004 0
1757060580365 368.42600000000004 0
1757060898853 368.42600000000004 0
1757060923911 368.42600000000004 0
1757060931349 368.42600000000004 0
1757060958002 368.42600000000004 0
1757061990351 368.42600000000004 0
1757062113065 361.6115478515625 0
1757062132754 361.6115478515625 0
1757062272359 361.6115478515625 0
