1757059410506 16.190668597199036 0
1757059496704 14.52619533489708 0
1757059577294 14.52619533489708 0
1757059730889 11.963922028559828 0
1757060505628 11.608945957451695 0
1757060533808 11.608945957451695 0
1757060550517 11.608945957451695 0
1757060580365 11.608945957451695 0
1757060898853 11.608945957451695 0
1757060923911 11.608945957451695 0
1757060931349 11.608945957451695 0
1757060958002 11.608945957451695 0
1757061990351 11.608945957451695 0
1757062113065 11.545782545336163 0
1757062132754 11.545782545336163 0
1757062272359 11.545782545336163 0
