1756368985803 0.16766715505948585 0
1756369029343 0.16766715505948585 0
1756369058741 0.16766715505948585 0
1756369087377 0.16164333291394833 0
1756373777649 0.16164333291394833 0
1756374185935 0.16164333291394833 0
1756374222510 0.16164333291394833 0
1756374682322 0.16164333291394833 0
1756374930055 0.16164333291394833 0
1756374946370 0.15629497205722512 0
1756374959239 0.15629497205722512 0
1756374976203 0.15460344131348044 0
1756375730252 0.15460344131348044 0
1756375774359 0.15460344131348044 0
1756375796629 0.15460344131348044 0
1756375872030 0.15460344131348044 0
