1756598740742 -0.7739494713965567 0
1756598772638 -0.41423445120414293 0
1756598854419 -0.17699927183466646 0
1756598928981 -0.04871224622199555 0
1756600078909 -0.04871224622199555 0
1756600458526 -0.04871224622199555 0
1756600496183 -0.04871224622199555 0
1756600859693 -0.04871224622199555 0
1756604599639 -0.04871224622199555 0
1756604617164 -0.01777964002072574 0
1756604629670 -0.01777964002072574 0
1756604646765 -0.01777964002072574 0
1756604925860 -0.01777964002072574 0
1756605017531 -0.01777964002072574 0
1756605049591 -0.01777964002072574 0
1756605183676 -0.01777964002072574 0
