1756552708754 -43.94255627076819 0
1756552775365 -43.94255627076819 0
1756552801779 -43.94255627076819 0
1756552832824 -43.94255627076819 0
1756553384770 -43.94255627076819 0
1756553414759 -43.94255627076819 0
1756553430466 -43.94255627076819 0
1756553459681 -43.94255627076819 0
1756553813705 -43.94255627076819 0
1756553844030 -43.94255627076819 0
1756553850794 -43.94255627076819 0
1756553882742 -43.94255627076819 0
1756554392848 -43.94255627076819 0
1756554521114 -43.94255627076819 0
1756554536851 -43.94255627076819 0
1756554682181 -43.94255627076819 0
1756555881102 -43.94255627076819 0
1756555944532 -43.94255627076819 0
1756555984180 -43.94255627076819 0
1756556100372 -43.94255627076819 0
1756558058837 -43.94255627076819 0
1756558586502 -43.94255627076819 0
1756558622563 -43.94255627076819 0
1756559159478 -43.94255627076819 0
1756562201801 -43.94255627076819 0
1756562217299 -43.94255627076819 0
1756562230701 -43.94255627076819 0
1756562251104 -43.94255627076819 0
1756562760389 -43.94255627076819 0
1756562847797 -43.94255627076819 0
1756562885825 -43.94255627076819 0
1756563100730 -43.94255627076819 0
