1756552708754 8.751930259614966 0
1756552775365 8.751930259614966 0
1756552801779 8.751930259614966 0
1756552832824 8.751930259614966 0
1756553384770 8.751930259614966 0
1756553414759 8.751930259614966 0
1756553430466 8.751930259614966 0
1756553459681 8.751930259614966 0
1756553813705 8.751930259614966 0
1756553844030 8.751930259614966 0
1756553850794 8.751930259614966 0
1756553882742 8.751930259614966 0
1756554392848 8.751930259614966 0
1756554521114 8.751930259614966 0
1756554536851 8.751930259614966 0
1756554682181 8.751930259614966 0
1756555881102 8.751930259614966 0
1756555944532 8.751930259614966 0
1756555984180 8.751930259614966 0
1756556100372 8.751930259614966 0
1756558058837 8.751930259614966 0
1756558586502 8.751930259614966 0
1756558622563 8.751930259614966 0
1756559159478 8.751930259614966 0
1756562201801 8.751930259614966 0
1756562217299 8.751930259614966 0
1756562230701 8.751930259614966 0
1756562251104 8.751930259614966 0
1756562760389 8.751930259614966 0
1756562847797 8.751930259614966 0
1756562885825 8.751930259614966 0
1756563100730 8.751930259614966 0
