1757517418989 17.346899555054268 0
1757517520836 17.346899555054268 0
1757517619228 17.346899555054268 0
1757517781293 15.855567415950865 0
1757518576147 14.533894281865734 0
1757518603114 14.325921325755903 0
1757518618729 14.325921325755903 0
1757518646559 14.325921325755903 0
1757518945447 14.325921325755903 0
1757518973566 14.325921325755903 0
1757518980857 14.325921325755903 0
1757519009953 14.325921325755903 0
1757519999882 14.325921325755903 0
1757520119185 14.325921325755903 0
1757520135626 14.325921325755903 0
1757520272882 14.325921325755903 0
