1757517418989 -0.18462718803839295 0
1757517520836 -0.18462718803839295 0
1757517619228 -0.18462718803839295 0
1757517781293 -0.012197334958147454 0
1757518576147 0.09742397847095774 0
1757518603114 0.1412869209011952 0
1757518618729 0.1412869209011952 0
1757518646559 0.1412869209011952 0
1757518945447 0.1412869209011952 0
1757518973566 0.1412869209011952 0
1757518980857 0.1412869209011952 0
1757519009953 0.1412869209011952 0
1757519999882 0.1412869209011952 0
1757520119185 0.1412869209011952 0
1757520135626 0.1412869209011952 0
1757520272882 0.1412869209011952 0
