1757516017375 465.66627601229135 0
1757516124981 465.66627601229135 0
1757516224053 465.66627601229135 0
1757516369953 465.66627601229135 0
1757518309223 465.66627601229135 0
1757518334616 465.66627601229135 0
1757518350085 465.66627601229135 0
1757518378512 465.66627601229135 0
1757518739833 465.66627601229135 0
1757518764277 465.66627601229135 0
1757518771517 465.66627601229135 0
1757518797673 465.66627601229135 0
1757519096172 465.66627601229135 0
1757519205739 465.66627601229135 0
1757519221607 465.66627601229135 0
1757519347806 465.66627601229135 0
