1757516017375 86.39694408746811 0
1757516124981 86.39694408746811 0
1757516224053 86.39694408746811 0
1757516369953 86.39694408746811 0
1757518309223 86.39694408746811 0
1757518334616 86.39694408746811 0
1757518350085 86.39694408746811 0
1757518378512 86.39694408746811 0
1757518739833 86.39694408746811 0
1757518764277 86.39694408746811 0
1757518771517 86.39694408746811 0
1757518797673 86.39694408746811 0
1757519096172 86.39694408746811 0
1757519205739 86.39694408746811 0
1757519221607 86.39694408746811 0
1757519347806 86.39694408746811 0
