1757516017375 0.10235742384447255 0
1757516124981 0.10235742384447255 0
1757516224053 0.10235742384447255 0
1757516369953 0.10235742384447255 0
1757518309223 0.10235742384447255 0
1757518334616 0.10235742384447255 0
1757518350085 0.10235742384447255 0
1757518378512 0.10235742384447255 0
1757518739833 0.10235742384447255 0
1757518764277 0.10235742384447255 0
1757518771517 0.10235742384447255 0
1757518797673 0.10235742384447255 0
1757519096172 0.10235742384447255 0
1757519205739 0.10235742384447255 0
1757519221607 0.10235742384447255 0
1757519347806 0.10235742384447255 0
