1757516017375 402.29318705293645 0
1757516124981 402.29318705293645 0
1757516224053 402.29318705293645 0
1757516369953 402.29318705293645 0
1757518309223 402.29318705293645 0
1757518334616 402.29318705293645 0
1757518350085 402.29318705293645 0
1757518378512 402.29318705293645 0
1757518739833 402.29318705293645 0
1757518764277 402.29318705293645 0
1757518771517 402.29318705293645 0
1757518797673 402.29318705293645 0
1757519096172 402.29318705293645 0
1757519205739 402.29318705293645 0
1757519221607 402.29318705293645 0
1757519347806 402.29318705293645 0
