1756365753725 -0.03277943005297544 0
1756365807856 -0.0390132703728805 0
1756365832123 -0.0390132703728805 0
1756365851346 -0.029302525683828635 0
1756366277432 -0.021695650353410836 0
1756366306718 -0.021695650353410836 0
1756366323841 -0.021695650353410836 0
1756366350995 -0.021695650353410836 0
1756366711783 -0.021695650353410836 0
1756366739012 -0.021695650353410836 0
1756366745768 -0.021695650353410836 0
1756366773562 -0.021695650353410836 0
1756367073325 -0.021695650353410836 0
1756367167104 -0.021695650353410836 0
1756367181751 -0.021695650353410836 0
1756367292564 -0.021695650353410836 0
