1756365753725 0.16631054802419515 0
1756365807856 0.1718608757605108 0
1756365832123 0.1718608757605108 0
1756365851346 0.16958641774360028 0
1756366277432 0.05910114410253979 0
1756366306718 0.05910114410253979 0
1756366323841 0.05910114410253979 0
1756366350995 0.05910114410253979 0
1756366711783 0.05910114410253979 0
1756366739012 0.05910114410253979 0
1756366745768 0.05910114410253979 0
1756366773562 0.05910114410253979 0
1756367073325 0.05910114410253979 0
1756367167104 0.05910114410253979 0
1756367181751 0.05910114410253979 0
1756367292564 0.05910114410253979 0
