1756365753725 0.12360149199951193 0
1756365807856 0.12852241968923858 0
1756365832123 0.12852241968923858 0
1756365851346 0.12397907315251472 0
1756366277432 0.047546649342945266 0
1756366306718 0.047546649342945266 0
1756366323841 0.047546649342945266 0
1756366350995 0.047546649342945266 0
1756366711783 0.047546649342945266 0
1756366739012 0.047546649342945266 0
1756366745768 0.047546649342945266 0
1756366773562 0.047546649342945266 0
1756367073325 0.047546649342945266 0
1756367167104 0.047546649342945266 0
1756367181751 0.047546649342945266 0
1756367292564 0.047546649342945266 0
