1757494446238 -36179078563278.78 0
1757494470270 -36179078563278.78 0
1757494524802 -36179076742575.445 0
1757494590875 -36179062054668.86 0
1757498187152 -36179086120449.27 0
1757498700761 -36179086120449.27 0
1757498736979 -36179086120449.27 0
1757499285943 -36179086120449.27 0
1757500389015 -36179086120449.27 0
1757500410145 -36179086120449.27 0
1757500423390 -36179086120449.27 0
1757500442169 -36179086120449.27 0
1757501456180 -36179086120449.27 0
1757501546519 -36179086120449.27 0
1757501578778 -36179086120449.27 0
1757501675947 -36179086120449.27 0
