1757494446238 79.82602325866178 0
1757494470270 79.82602325866178 0
1757494524802 78.38280026374474 0
1757494590875 44.523721575466794 0
1757498187152 43.1928495384592 0
1757498700761 43.1928495384592 0
1757498736979 43.1928495384592 0
1757499285943 43.1928495384592 0
1757500389015 43.1928495384592 0
1757500410145 43.1928495384592 0
1757500423390 43.1928495384592 0
1757500442169 43.1928495384592 0
1757501456180 43.1928495384592 0
1757501546519 43.1928495384592 0
1757501578778 43.1928495384592 0
1757501675947 43.1928495384592 0
