1757494446238 -2.005734205001485 0
1757494470270 -2.005734205001485 0
1757494524802 -1.9297909174212893 0
1757494590875 -0.0006537997636766324 0
1757498187152 0.15692346321292527 0
1757498700761 0.15692346321292527 0
1757498736979 0.15692346321292527 0
1757499285943 0.15692346321292527 0
1757500389015 0.15692346321292527 0
1757500410145 0.15692346321292527 0
1757500423390 0.15692346321292527 0
1757500442169 0.15692346321292527 0
1757501456180 0.15692346321292527 0
1757501546519 0.15692346321292527 0
1757501578778 0.15692346321292527 0
1757501675947 0.15692346321292527 0
