1756633975158 6.3947584123039505 0
1756634041088 6.3947584123039505 0
1756634067507 6.3947584123039505 0
1756634095013 5.916282563948815 0
1756634471960 5.654203711141215 0
1756634501002 5.654203711141215 0
1756634517057 5.654203711141215 0
1756634546351 5.654203711141215 0
1756634854201 5.654203711141215 0
1756634881557 5.654203711141215 0
1756634889413 5.654203711141215 0
1756634918687 5.654203711141215 0
1756636136347 5.654203711141215 0
1756636252464 5.654203711141215 0
1756636269517 5.654203711141215 0
1756636402868 5.654203711141215 0
