1756633975158 11.676707694728764 0
1756634041088 11.676707694728764 0
1756634067507 11.676707694728764 0
1756634095013 11.24870592634418 0
1756634471960 10.543634030598497 0
1756634501002 10.543634030598497 0
1756634517057 10.543634030598497 0
1756634546351 10.543634030598497 0
1756634854201 10.543634030598497 0
1756634881557 10.543634030598497 0
1756634889413 10.543634030598497 0
1756634918687 10.543634030598497 0
1756636136347 10.543634030598497 0
1756636252464 10.543634030598497 0
1756636269517 10.543634030598497 0
1756636402868 10.543634030598497 0
