1756633975158 8.131930367728291 0
1756634041088 8.131930367728291 0
1756634067507 8.131930367728291 0
1756634095013 7.25975610493126 0
1756634471960 6.7705877456404835 0
1756634501002 6.7705877456404835 0
1756634517057 6.7705877456404835 0
1756634546351 6.7705877456404835 0
1756634854201 6.7705877456404835 0
1756634881557 6.7705877456404835 0
1756634889413 6.7705877456404835 0
1756634918687 6.7705877456404835 0
1756636136347 6.7705877456404835 0
1756636252464 6.7705877456404835 0
1756636269517 6.7705877456404835 0
1756636402868 6.7705877456404835 0
