1756633975158 3.1221531292396576 0
1756634041088 3.1221531292396576 0
1756634067507 3.1221531292396576 0
1756634095013 7.198100461579733 0
1756634471960 5.091469273981043 0
1756634501002 5.091469273981043 0
1756634517057 5.091469273981043 0
1756634546351 5.091469273981043 0
1756634854201 5.091469273981043 0
1756634881557 5.091469273981043 0
1756634889413 5.091469273981043 0
1756634918687 5.091469273981043 0
1756636136347 5.091469273981043 0
1756636252464 5.091469273981043 0
1756636269517 5.091469273981043 0
1756636402868 5.091469273981043 0
