1756977035847 0.021106682992638848 0
1756977127561 0.021106682992638848 0
1756977173555 0.058639118431963566 0
1756977292748 0.058639118431963566 0
1756980591199 0.058639118431963566 0
1756980931193 0.058639118431963566 0
1756980966784 0.058639118431963566 0
1756981313266 0.058639118431963566 0
1756982567218 0.058639118431963566 0
1756982585996 0.058639118431963566 0
1756982601694 0.16008587753476333 0
1756982618581 0.16008587753476333 0
1756983765462 0.16008587753476333 0
1756983833467 0.16008587753476333 0
1756983868085 0.16008587753476333 0
1756983966427 0.16008587753476333 0
