1756738280429 7.324665579539677 0
1756738363718 7.027386233416756 0
1756738389869 7.027386233416756 0
1756738420746 5.0078663234607905 0
1756739011832 5.0078663234607905 0
1756739043211 5.0078663234607905 0
1756739059336 5.0078663234607905 0
1756739089884 5.0078663234607905 0
1756739454292 5.0078663234607905 0
1756739486980 5.0078663234607905 0
1756739494498 5.0078663234607905 0
1756739528515 5.0078663234607905 0
1756740031119 5.0078663234607905 0
1756740154243 5.0078663234607905 0
1756740171323 5.0078663234607905 0
1756740317200 5.0078663234607905 0
