1757319112278 -91.27649804188785 0
1757319169347 -91.27649804188785 0
1757319194495 -91.27649804188785 0
1757319222005 -91.27649804188785 0
1757319718766 -57.64899838936507 0
1757319750040 -57.64899838936507 0
1757319767344 -57.64899838936507 0
1757319798318 -57.64899838936507 0
1757320107396 -57.64899838936507 0
1757320136079 -57.64899838936507 0
1757320143709 -57.64899838936507 0
1757320176204 -57.64899838936507 0
1757320993699 -57.64899838936507 0
1757321144109 -57.64899838936507 0
1757321162590 -57.64899838936507 0
1757321330336 -57.64899838936507 0
