1757319112278 7.070240145676716 0
1757319169347 7.070240145676716 0
1757319194495 7.070240145676716 0
1757319222005 7.070240145676716 0
1757319718766 6.183222222222221 0
1757319750040 6.183222222222221 0
1757319767344 6.183222222222221 0
1757319798318 6.183222222222221 0
1757320107396 6.183222222222221 0
1757320136079 6.183222222222221 0
1757320143709 6.183222222222221 0
1757320176204 6.183222222222221 0
1757320993699 6.183222222222221 0
1757321144109 6.183222222222221 0
1757321162590 6.183222222222221 0
1757321330336 6.183222222222221 0
1757322506130 5.6506310203559496 0
1757322586840 5.6506310203559496 0
1757322631284 5.6506310203559496 0
1757322694417 5.6506310203559496 0
1757325024671 5.6506310203559496 0
1757325548275 5.6506310203559496 0
1757325577502 5.6506310203559496 0
1757325880112 5.6506310203559496 0
1757327750606 5.6506310203559496 0
1757327768879 5.6506310203559496 0
1757327783849 5.6506310203559496 0
1757327803584 5.6506310203559496 0
1757328592168 5.6506310203559496 0
1757328682302 5.6506310203559496 0
1757328711801 5.6506310203559496 0
1757328861499 5.6506310203559496 0
