1757319112278 8.471531802911699 0
1757319169347 8.471531802911699 0
1757319194495 8.471531802911699 0
1757319222005 8.471531802911699 0
1757319718766 7.785489868267046 0
1757319750040 7.785489868267046 0
1757319767344 7.785489868267046 0
1757319798318 7.785489868267046 0
1757320107396 7.785489868267046 0
1757320136079 7.785489868267046 0
1757320143709 7.785489868267046 0
1757320176204 7.785489868267046 0
1757320993699 7.785489868267046 0
1757321144109 7.785489868267046 0
1757321162590 7.785489868267046 0
1757321330336 7.785489868267046 0
1757322506130 7.06226598274276 0
1757322586840 7.06226598274276 0
1757322631284 7.06226598274276 0
1757322694417 7.06226598274276 0
1757325024671 7.06226598274276 0
1757325548275 7.06226598274276 0
1757325577502 7.06226598274276 0
1757325880112 7.06226598274276 0
1757327750606 7.06226598274276 0
1757327768879 7.06226598274276 0
1757327783849 7.06226598274276 0
1757327803584 7.06226598274276 0
1757328592168 7.06226598274276 0
1757328682302 7.06226598274276 0
1757328711801 7.06226598274276 0
1757328861499 7.06226598274276 0
