1756645838952 4.943533655198573 0
1756645913476 4.943533655198573 0
1756645943980 4.943533655198573 0
1756645967973 4.532025569866712 0
1756646590974 4.532025569866712 0
1756646616444 4.532025569866712 0
1756646631949 4.532025569866712 0
1756646658423 4.532025569866712 0
1756647011548 4.532025569866712 0
1756647041371 4.532025569866712 0
1756647048615 4.532025569866712 0
1756647078478 4.532025569866712 0
1756647353746 4.532025569866712 0
1756647445539 4.532025569866712 0
1756647461215 4.532025569866712 0
1756647570438 4.532025569866712 0
1756648735085 4.532025569866712 0
1756648783877 4.532025569866712 0
1756648872458 4.532025569866712 0
1756648995856 4.532025569866712 0
1756650003168 4.532025569866712 0
1756650358547 4.532025569866712 0
1756650389485 4.532025569866712 0
1756650664434 4.532025569866712 0
1756654008796 4.532025569866712 0
1756654026953 4.532025569866712 0
1756654042192 4.532025569866712 0
1756654060700 4.532025569866712 0
1756654344432 4.532025569866712 0
1756654424450 4.532025569866712 0
1756654450688 4.532025569866712 0
1756654579078 4.532025569866712 0
