1756645838952 3.305788388985478 0
1756645913476 3.305788388985478 0
1756645943980 3.305788388985478 0
1756645967973 3.6496596854149455 0
1756646590974 3.6496596854149455 0
1756646616444 3.6496596854149455 0
1756646631949 3.6496596854149455 0
1756646658423 3.6496596854149455 0
1756647011548 3.6496596854149455 0
1756647041371 3.6496596854149455 0
1756647048615 3.6496596854149455 0
1756647078478 3.6496596854149455 0
1756647353746 3.6496596854149455 0
1756647445539 3.6496596854149455 0
1756647461215 3.6496596854149455 0
1756647570438 3.6496596854149455 0
1756648735085 3.6496596854149455 0
1756648783877 3.6496596854149455 0
1756648872458 3.6496596854149455 0
1756648995856 3.6496596854149455 0
1756650003168 3.6496596854149455 0
1756650358547 3.6496596854149455 0
1756650389485 3.6496596854149455 0
1756650664434 3.6496596854149455 0
1756654008796 3.6496596854149455 0
1756654026953 3.6496596854149455 0
1756654042192 3.6496596854149455 0
1756654060700 3.6496596854149455 0
1756654344432 3.6496596854149455 0
1756654424450 3.6496596854149455 0
1756654450688 3.6496596854149455 0
1756654579078 3.6496596854149455 0
