1756645838952 0.16479291939593388 0
1756645913476 0.16479291939593388 0
1756645943980 0.16479291939593388 0
1756645967973 -0.018002414809737965 0
1756646590974 -0.018002414809737965 0
1756646616444 -0.018002414809737965 0
1756646631949 -0.018002414809737965 0
1756646658423 -0.018002414809737965 0
1756647011548 -0.018002414809737965 0
1756647041371 -0.018002414809737965 0
1756647048615 -0.018002414809737965 0
1756647078478 -0.018002414809737965 0
1756647353746 -0.018002414809737965 0
1756647445539 -0.018002414809737965 0
1756647461215 -0.018002414809737965 0
1756647570438 -0.018002414809737965 0
1756648735085 -0.018002414809737965 0
1756648783877 -0.018002414809737965 0
1756648872458 -0.018002414809737965 0
1756648995856 -0.018002414809737965 0
1756650003168 -0.018002414809737965 0
1756650358547 -0.018002414809737965 0
1756650389485 -0.018002414809737965 0
1756650664434 -0.018002414809737965 0
1756654008796 -0.018002414809737965 0
1756654026953 -0.018002414809737965 0
1756654042192 -0.018002414809737965 0
1756654060700 -0.018002414809737965 0
1756654344432 -0.018002414809737965 0
1756654424450 -0.018002414809737965 0
1756654450688 -0.018002414809737965 0
1756654579078 -0.018002414809737965 0
