1756235642760 7.466283944796635 0
1756235725958 6.929250620044939 0
1756235754354 6.929250620044939 0
1756235785743 6.5573719491244455 0
1756236307218 6.401623547679772 0
1756236340421 6.401623547679772 0
1756236357160 6.401623547679772 0
1756236388853 6.401623547679772 0
1756238261420 6.401623547679772 0
1756238293821 6.401623547679772 0
1756238301058 6.401623547679772 0
1756238334832 6.401623547679772 0
1756239119277 6.401623547679772 0
1756239266872 6.401623547679772 0
1756239287201 6.401623547679772 0
1756239466133 6.401623547679772 0
1756240733618 6.375197194802332 0
1756240817364 6.375197194802332 0
1756240848823 6.375197194802332 0
1756240940341 6.375197194802332 0
1756243168593 6.201112545212055 0
1756243590923 6.201112545212055 0
1756243629974 6.201112545212055 0
1756244088594 6.201112545212055 0
1756245575684 6.201112545212055 0
1756245593230 6.024297430727387 0
1756245610388 6.024297430727387 0
1756245631381 6.024297430727387 0
1756246554171 6.024297430727387 0
1756246653481 6.024297430727387 0
1756246683180 6.024297430727387 0
1756246796615 6.024297430727387 0
