1756633653165 -0.9266087022454685 0
1756633726033 -0.9266087022454685 0
1756633753202 -0.9266087022454685 0
1756633779704 -0.04981195930959825 0
1756634286157 -0.04981195930959825 0
1756634318195 -0.045676660484796905 0
1756634334694 -0.045676660484796905 0
1756634366787 -0.045676660484796905 0
1756634698185 -0.045676660484796905 0
1756634731764 -0.045676660484796905 0
1756634739138 -0.045676660484796905 0
1756634774555 -0.045676660484796905 0
1756635511024 -0.045676660484796905 0
1756635653577 -0.045676660484796905 0
1756635670052 -0.045676660484796905 0
1756635823379 -0.045676660484796905 0
1756637110263 -0.045676660484796905 0
1756637159607 -0.045676660484796905 0
1756637212802 -0.045676660484796905 0
1756637321630 -0.0016190946279819318 0
1756639778958 -0.0016190946279819318 0
1756640276604 -0.0016190946279819318 0
1756640316936 -0.0016190946279819318 0
1756640926515 -0.0016190946279819318 0
1756643374258 -0.0016190946279819318 0
1756643392731 -0.0016190946279819318 0
1756643410727 -0.0016190946279819318 0
1756643430354 -0.0016190946279819318 0
1756644437726 -0.0016190946279819318 0
1756644559021 -0.0016190946279819318 0
1756644600580 -0.0016190946279819318 0
1756644693748 -0.0016190946279819318 0
