1756633653165 3.5272990668569357 0
1756633726033 3.5272990668569357 0
1756633753202 3.5272990668569357 0
1756633779704 5.435724178589765 0
1756634286157 5.435724178589765 0
1756634318195 2.2632085321780133 0
1756634334694 2.2632085321780133 0
1756634366787 2.2632085321780133 0
1756634698185 2.2632085321780133 0
1756634731764 2.2632085321780133 0
1756634739138 2.2632085321780133 0
1756634774555 2.2632085321780133 0
1756635511024 2.2632085321780133 0
1756635653577 2.2632085321780133 0
1756635670052 2.2632085321780133 0
1756635823379 2.2632085321780133 0
1756637110263 2.2632085321780133 0
1756637159607 2.2632085321780133 0
1756637212802 2.2632085321780133 0
