1756633653165 0.5397334721197906 0
1756633726033 0.5397334721197906 0
1756633753202 0.5397334721197906 0
1756633779704 -0.00038546607886580375 0
1756634286157 -0.00038546607886580375 0
1756634318195 0.8375062773278755 0
1756634334694 0.8375062773278755 0
1756634366787 0.8375062773278755 0
1756634698185 0.8375062773278755 0
1756634731764 0.8375062773278755 0
1756634739138 0.8375062773278755 0
1756634774555 0.8375062773278755 0
1756635511024 0.8375062773278755 0
1756635653577 0.8375062773278755 0
1756635670052 0.8375062773278755 0
1756635823379 0.8375062773278755 0
1756637110263 0.8375062773278755 0
1756637159607 0.8375062773278755 0
1756637212802 0.8375062773278755 0
