1756633653165 -24.065403517848154 0
1756633726033 -24.065403517848154 0
1756633753202 -24.065403517848154 0
1756633779704 -52.30595417280543 0
1756634286157 -52.30595417280543 0
1756634318195 -8.496114247612073 0
1756634334694 -8.496114247612073 0
1756634366787 -8.496114247612073 0
1756634698185 -8.496114247612073 0
1756634731764 -8.496114247612073 0
1756634739138 -8.496114247612073 0
1756634774555 -8.496114247612073 0
1756635511024 -8.496114247612073 0
1756635653577 -8.496114247612073 0
1756635670052 -8.496114247612073 0
1756635823379 -8.496114247612073 0
1756637110263 -8.496114247612073 0
1756637159607 -8.496114247612073 0
1756637212802 -8.496114247612073 0
