1757520609375 -273135.7856084495 0
1757520800126 -340260.3781206744 0
1757520870971 -340260.3781206744 0
1757520943445 -340260.3781206744 0
1757522200503 -340260.3781206744 0
1757522719356 -340260.3781206744 0
1757522755997 -340260.3781206744 0
1757523057562 -340260.3781206744 0
1757526584219 -340260.3781206744 0
1757526599333 -340260.3781206744 0
1757526613149 -340260.3781206744 0
1757526629425 -340260.3781206744 0
1757526913660 -340260.3781206744 0
1757526995695 -340260.3781206744 0
1757527032554 -340260.3781206744 0
1757527117505 -340260.3781206744 0
