1757520609375 86.8982837605013 0
1757520800126 86.05698077209874 0
1757520870971 86.05698077209874 0
1757520943445 86.05698077209874 0
1757522200503 86.05698077209874 0
1757522719356 86.05698077209874 0
1757522755997 86.05698077209874 0
1757523057562 86.05698077209874 0
1757526584219 86.05698077209874 0
1757526599333 86.05698077209874 0
1757526613149 86.05698077209874 0
1757526629425 86.05698077209874 0
1757526913660 86.05698077209874 0
1757526995695 86.05698077209874 0
1757527032554 86.05698077209874 0
1757527117505 86.05698077209874 0
