1756304408656 0.7959383624494619 0
1756304483046 0.585637891733984 0
1756304506936 0.585637891733984 0
1756304526323 0.585637891733984 0
1756304992303 0.8790931879120045 0
1756305025835 0.8790931879120045 0
1756305044764 0.8790931879120045 0
1756305077818 0.8790931879120045 0
1756305411100 0.8790931879120045 0
1756305437070 0.8790931879120045 0
1756305444306 0.8790931879120045 0
1756305472309 0.8790931879120045 0
1756306413036 0.8790931879120045 0
1756306536681 0.8790931879120045 0
1756306554477 0.8790931879120045 0
1756306691491 0.8790931879120045 0
1756307559401 0.8790931879120045 0
