1756240447000 3.9320639517409934 0
1756240504186 3.912507089437015 0
1756240547331 3.912507089437015 0
1756240673767 3.912507089437015 0
1756242326874 3.912507089437015 0
1756242689395 3.5014641488659457 0
1756242723090 3.5014641488659457 0
1756243133213 3.5014641488659457 0
1756245511964 3.5014641488659457 0
1756245529253 3.5014641488659457 0
1756245542723 3.5014641488659457 0
1756245560073 3.5014641488659457 0
1756246253019 3.5014641488659457 0
1756246339773 3.5014641488659457 0
1756246379259 3.5014641488659457 0
1756246519698 3.5014641488659457 0
