1756240447000 0.36901149922170906 0
1756240504186 0.42681909561048226 0
1756240547331 0.42681909561048226 0
1756240673767 0.42681909561048226 0
1756242326874 0.42681909561048226 0
1756242689395 0.454491520358032 0
1756242723090 0.454491520358032 0
1756243133213 0.454491520358032 0
1756245511964 0.454491520358032 0
1756245529253 0.454491520358032 0
1756245542723 0.454491520358032 0
1756245560073 0.454491520358032 0
1756246253019 0.454491520358032 0
1756246339773 0.454491520358032 0
1756246379259 0.454491520358032 0
1756246519698 0.454491520358032 0
