1756240447000 5.202272629081748 0
1756240504186 4.958247965425322 0
1756240547331 4.958247965425322 0
1756240673767 4.958247965425322 0
1756242326874 4.958247965425322 0
1756242689395 4.837078534043271 0
1756242723090 4.837078534043271 0
1756243133213 4.837078534043271 0
1756245511964 4.837078534043271 0
1756245529253 4.837078534043271 0
1756245542723 4.837078534043271 0
1756245560073 4.837078534043271 0
1756246253019 4.837078534043271 0
1756246339773 4.837078534043271 0
1756246379259 4.837078534043271 0
1756246519698 4.837078534043271 0
