1756633343749 -38.82297719326958 0
1756633413018 -57.87642261796808 0
1756633441665 -57.87642261796808 0
1756633468192 -57.87642261796808 0
1756634110399 -32.76568216977485 0
1756634137799 -32.76568216977485 0
1756634152817 -32.76568216977485 0
1756634180956 -32.76568216977485 0
1756634553156 -32.76568216977485 0
1756634582907 -32.76568216977485 0
1756634589875 -32.76568216977485 0
1756634620855 -32.76568216977485 0
1756634935017 -32.76568216977485 0
1756635042783 -32.76568216977485 0
1756635059261 -32.76568216977485 0
1756635185538 -32.76568216977485 0
