1756633343749 -0.09868049882370955 0
1756633413018 0.05532143068856321 0
1756633441665 0.05532143068856321 0
1756633468192 0.05532143068856321 0
1756634110399 0.09633639087346901 0
1756634137799 0.09633639087346901 0
1756634152817 0.09633639087346901 0
1756634180956 0.09633639087346901 0
1756634553156 0.09633639087346901 0
1756634582907 0.09633639087346901 0
1756634589875 0.09633639087346901 0
1756634620855 0.09633639087346901 0
1756634935017 0.09633639087346901 0
1756635042783 0.09633639087346901 0
1756635059261 0.09633639087346901 0
1756635185538 0.09633639087346901 0
