1756633343749 -22.88372839043769 0
1756633413018 -44.46835687600364 0
1756633441665 -44.46835687600364 0
1756633468192 -44.46835687600364 0
1756634110399 -7.913398908815438 0
1756634137799 -7.913398908815438 0
1756634152817 -7.913398908815438 0
1756634180956 -7.913398908815438 0
1756634553156 -7.913398908815438 0
1756634582907 -7.913398908815438 0
1756634589875 -7.913398908815438 0
1756634620855 -7.913398908815438 0
1756634935017 -7.913398908815438 0
1756635042783 -7.913398908815438 0
1756635059261 -7.913398908815438 0
1756635185538 -7.913398908815438 0
