1756221751719 13.282857725735884 0
1756221822084 13.282857725735884 0
1756221849267 13.282857725735884 0
1756221884800 13.007888124937425 0
1756222578544 13.007888124937425 0
1756222603970 13.007888124937425 0
1756222618822 13.007888124937425 0
1756222645000 13.007888124937425 0
1756223027131 13.007888124937425 0
1756223052213 13.007888124937425 0
1756223058832 13.007888124937425 0
1756223085876 13.007888124937425 0
1756223408605 13.007888124937425 0
1756223522021 13.007888124937425 0
1756223540743 13.007888124937425 0
1756223670294 13.007888124937425 0
1756224867351 13.007888124937425 0
1756224957284 13.007888124937425 0
1756224993238 13.007888124937425 0
1756225100481 13.007888124937425 0
1756226072949 13.007888124937425 0
1756226583731 13.007888124937425 0
1756226612809 13.007888124937425 0
1756227114157 13.007888124937425 0
1756231962792 13.007888124937425 0
1756231983057 13.007888124937425 0
1756231997910 13.007888124937425 0
1756232015931 12.210526315789474 0
1756232346144 12.210526315789474 0
1756232470377 12.210526315789474 0
1756232501585 12.210526315789474 0
1756232619969 12.210526315789474 0
