1756221751719 16.410441484164178 0
1756221822084 16.410441484164178 0
1756221849267 16.410441484164178 0
1756221884800 16.00286027956936 0
1756222578544 16.00286027956936 0
1756222603970 16.00286027956936 0
1756222618822 16.00286027956936 0
1756222645000 16.00286027956936 0
1756223027131 16.00286027956936 0
1756223052213 16.00286027956936 0
1756223058832 16.00286027956936 0
1756223085876 16.00286027956936 0
1756223408605 16.00286027956936 0
1756223522021 16.00286027956936 0
1756223540743 16.00286027956936 0
1756223670294 16.00286027956936 0
1756224867351 16.00286027956936 0
1756224957284 16.00286027956936 0
1756224993238 16.00286027956936 0
1756225100481 16.00286027956936 0
1756226072949 16.00286027956936 0
1756226583731 16.00286027956936 0
1756226612809 16.00286027956936 0
1756227114157 16.00286027956936 0
1756231962792 16.00286027956936 0
1756231983057 16.00286027956936 0
1756231997910 16.00286027956936 0
1756232015931 14.747881203752625 0
1756232346144 14.747881203752625 0
1756232470377 14.747881203752625 0
1756232501585 14.747881203752625 0
1756232619969 14.747881203752625 0
