1756319317657 13.673746059325625 0
1756319375376 13.673746059325625 0
1756319400451 13.673700150206914 0
1756319427823 9.39214447873422 0
1756319860250 8.739330072936218 0
1756319888307 8.682658536585366 0
1756319904344 8.682658536585366 0
1756319933237 8.682658536585366 0
1756320270608 8.682658536585366 0
1756320298260 8.682658536585366 0
1756320305504 8.682658536585366 0
1756320333433 8.682658536585366 0
1756326863129 8.19273906800805 0
1756328845624 8.19273906800805 0
1756328863448 8.19273906800805 0
1756329000400 8.19273906800805 0
