1756280536468 0.028842611149508764 0
1756280565863 0.028842611149508764 0
1756280619941 0.02697301910378801 0
1756280648216 0.016565112226358324 0
1756283877595 0.007510707566183028 0
1756284347223 0.008112469903306269 0
1756284380398 0.008112469903306269 0
1756284898476 0.008112469903306269 0
1756286189770 0.008112469903306269 0
1756286208875 0.008112469903306269 0
1756286227691 0.008112469903306269 0
1756286246931 0.008112469903306269 0
1756286915802 0.008112469903306269 0
1756286958321 0.0076064598364755515 0
1756286981845 0.007319314786233008 0
1756287071712 0.007319314786233008 0
