1756280536468 0.04149550605299984 0
1756280565863 0.04149550605299984 0
1756280619941 0.03863309744339678 0
1756280648216 0.020069595523964718 0
1756283877595 0.01751038634056954 0
1756284347223 0.01630408560359203 0
1756284380398 0.01630408560359203 0
1756284898476 0.01630408560359203 0
1756286189770 0.01630408560359203 0
1756286208875 0.01630408560359203 0
1756286227691 0.01630408560359203 0
1756286246931 0.01630408560359203 0
1756286915802 0.01630408560359203 0
1756286958321 0.016264129395657648 0
1756286981845 0.016239971298074578 0
1756287071712 0.016239971298074578 0
