1756660700919 -2.640653154495028 0
1756660789701 -2.640653154495028 0
1756660814203 -2.6406531544950287 0
1756660835175 -1.3032195489 0
1756661401516 -1.2317053915450564 0
1756661432754 -1.2317053915450564 0
1756661449809 -1.2317053915450564 0
1756661481592 -1.2317053915450564 0
1756661848182 -1.2317053915450564 0
1756661881717 -1.2317053915450564 0
1756661889110 -1.2317053915450564 0
1756661924538 -1.2317053915450564 0
1756662418390 -1.2157452318626663 0
1756662538493 -1.2157452318626663 0
1756662555589 -1.2157452318626663 0
1756662691078 -1.2157452318626663 0
1756663840557 -1.2157452318626663 0
1756663910477 -1.2157452318626663 0
1756663946994 -1.2157452318626663 0
1756664004046 -1.2157452318626663 0
1756665690469 -1.2157452318626663 0
1756666189869 -1.2157452318626663 0
1756666219271 -1.2157452318626663 0
1756666748476 -1.2157452318626663 0
1756670090608 -1.2157452318626663 0
1756670108787 -1.2157452318626663 0
1756670122179 -1.2157452318626663 0
1756670137288 -1.2157452318626663 0
