1756660700919 1.0224262928414685 0
1756660789701 1.0224262928414685 0
1756660814203 1.0224262928414523 0
1756660835175 0.627516255867244 0
1756661401516 0.621396650347102 0
1756661432754 0.621396650347102 0
1756661449809 0.621396650347102 0
1756661481592 0.621396650347102 0
1756661848182 0.621396650347102 0
1756661881717 0.621396650347102 0
1756661889110 0.621396650347102 0
1756661924538 0.621396650347102 0
1756662418390 0.5856378019423712 0
1756662538493 0.5856378019423712 0
1756662555589 0.5856378019423712 0
1756662691078 0.5856378019423712 0
1756663840557 0.5856378019423712 0
1756663910477 0.5856378019423712 0
1756663946994 0.5856378019423712 0
1756664004046 0.5856378019423712 0
1756665690469 0.5856378019423712 0
1756666189869 0.5856378019423712 0
1756666219271 0.5856378019423712 0
1756666748476 0.5856378019423712 0
1756670090608 0.5856378019423712 0
1756670108787 0.5856378019423712 0
1756670122179 0.5856378019423712 0
1756670137288 0.5856378019423712 0
1756670526451 0.5658764130728586 0
1756670586867 0.5658764130728586 0
1756670611558 0.5658764130728586 0
1756670701134 0.5658764130728586 0
