1756660700919 0.7847730325942011 0
1756660789701 0.7847730325942011 0
1756660814203 0.7847730325942129 0
1756660835175 1.2521315585173458 0
1756661401516 0.15859870577519128 0
1756661432754 0.15859870577519128 0
1756661449809 0.15859870577519128 0
1756661481592 0.15859870577519128 0
1756661848182 0.15859870577519128 0
1756661881717 0.15859870577519128 0
1756661889110 0.15859870577519128 0
1756661924538 0.15859870577519128 0
1756662418390 0.5384201433679038 0
1756662538493 0.5384201433679038 0
1756662555589 0.5384201433679038 0
1756662691078 0.5384201433679038 0
1756663840557 0.5384201433679038 0
1756663910477 0.5384201433679038 0
1756663946994 0.5384201433679038 0
1756664004046 0.5384201433679038 0
1756665690469 0.5384201433679038 0
1756666189869 0.5384201433679038 0
1756666219271 0.5384201433679038 0
1756666748476 0.5384201433679038 0
1756670090608 0.5384201433679038 0
1756670108787 0.5384201433679038 0
1756670122179 0.5384201433679038 0
1756670137288 0.5384201433679038 0
