1757521577892 636.266555625321 0
1757521661393 562.4398644698379 0
1757521734411 562.4398644698379 0
1757521855524 562.4398644698379 0
1757524955313 562.4398644698379 0
1757525355505 562.4398644698379 0
1757525391170 562.4398644698379 0
1757525748600 562.4398644698379 0
1757526762810 553.9081294735245 0
1757526777433 553.9081294735245 0
1757526790907 553.9081294735245 0
1757526807895 553.9081294735245 0
1757527748447 553.9081294735245 0
1757527836525 548.1023520490853 0
1757527864134 548.1023520490853 0
1757527989809 548.1023520490853 0
