1757491353314 468138.63087872334 0
1757491418898 468138.63087872334 0
1757491443481 468138.63087872334 0
1757491473257 468088.9393742171 0
1757492037261 468088.9393742171 0
1757492067121 468088.9393742171 0
1757492083398 468088.9393742171 0
1757492112951 468088.9393742171 0
1757492469149 468088.9393742171 0
1757492501836 468088.9393742171 0
1757492509447 468088.9393742171 0
1757492543494 468088.9393742171 0
1757492901917 468088.9393742171 0
1757492958881 468088.9393742171 0
1757492970823 468088.9393742171 0
1757493051858 468088.9393742171 0
