1756277679361 -0.01747871352537792 0
1756277723302 -0.05123773928495039 0
1756277751764 -0.05123773928495039 0
1756277777603 -0.0003619845246578099 0
1756278306621 -0.0003619845246578099 0
1756278336150 -0.00037618825757575755 0
1756278352119 -0.00037618825757575755 0
1756278382187 -0.00037618825757575755 0
1756278711590 -0.00037618825757575755 0
1756278748873 -0.00037618825757575755 0
1756278756639 -0.00037618825757575755 0
1756278795914 -0.00037618825757575755 0
1756279329492 -0.00033666819258758643 0
1756279398480 -0.00033666819258758643 0
1756279417079 -0.00033666819258758643 0
1756279505101 -0.00033666819258758643 0
