1756277679361 -70513.0287211214 0
1756277723302 -505.84330175823504 0
1756277751764 -505.84330175823504 0
1756277777603 -0.07886687061506703 0
1756278306621 -0.07886687061506703 0
1756278336150 -0.05783467620481897 0
1756278352119 -0.05783467620481897 0
1756278382187 -0.05783467620481897 0
1756278711590 -0.05783467620481897 0
1756278748873 -0.05783467620481897 0
1756278756639 -0.05783467620481897 0
1756278795914 -0.05783467620481897 0
1756279329492 0.0037805246453598285 0
1756279398480 0.0037805246453598285 0
1756279417079 0.0037805246453598285 0
1756279505101 0.0037805246453598285 0
