1756277679361 -26.298484363227306 0
1756277723302 -0.1398296349516506 0
1756277751764 -0.1398296349516506 0
1756277777603 -0.00031961866895391876 0
1756278306621 -0.00031961866895391876 0
1756278336150 -0.0001920229962121213 0
1756278352119 -0.0001920229962121213 0
1756278382187 -0.0001920229962121213 0
1756278711590 -0.0001920229962121213 0
1756278748873 -0.0001920229962121213 0
1756278756639 -0.0001920229962121213 0
1756278795914 -0.0001920229962121213 0
1756279329492 -0.00019880966239527536 0
1756279398480 -0.00019880966239527536 0
1756279417079 -0.00019880966239527536 0
1756279505101 -0.00019880966239527536 0
