1756277679361 4.249591675076804 0
1756277723302 0.3089831195885858 0
1756277751764 0.3089831195885858 0
1756277777603 0.009925212781285194 0
1756278306621 0.009925212781285194 0
1756278336150 0.004177424242424245 0
1756278352119 0.004177424242424245 0
1756278382187 0.004177424242424245 0
1756278711590 0.004177424242424245 0
1756278748873 0.004177424242424245 0
1756278756639 0.004177424242424245 0
1756278795914 0.004177424242424245 0
1756279329492 0.006163471019855052 0
1756279398480 0.006163471019855052 0
1756279417079 0.006163471019855052 0
1756279505101 0.006163471019855052 0
