1756235812125 0.10205145406922123 0
1756235889363 0.12065315477722893 0
1756235917513 0.12065315477722893 0
1756235944847 0.12065315477722893 0
1756236404590 0.3678343904489504 0
1756236432354 0.48285206656094903 0
1756236448635 0.48285206656094903 0
1756236477077 0.48285206656094903 0
1756238342010 0.48285206656094903 0
1756238367612 0.48285206656094903 0
1756238374960 0.48285206656094903 0
1756238400962 0.48285206656094903 0
1756239484745 0.48285206656094903 0
1756239630897 0.48285206656094903 0
1756239654010 0.48285206656094903 0
1756239820104 0.48285206656094903 0
