1756235812125 6.423556413402141 0
1756235889363 6.356673742008189 0
1756235917513 6.356673742008189 0
1756235944847 6.356673742008189 0
1756236404590 5.389708160582537 0
1756236432354 4.874804614674312 0
1756236448635 4.874804614674312 0
1756236477077 4.874804614674312 0
1756238342010 4.874804614674312 0
1756238367612 4.874804614674312 0
1756238374960 4.874804614674312 0
1756238400962 4.874804614674312 0
1756239484745 4.874804614674312 0
1756239630897 4.874804614674312 0
1756239654010 4.874804614674312 0
1756239820104 4.874804614674312 0
