1756235812125 4.944970335140824 0
1756235889363 4.306507682660429 0
1756235917513 4.306507682660429 0
1756235944847 4.306507682660429 0
1756236404590 1.956815624999999 0
1756236432354 2.8753281250000016 0
1756236448635 2.8753281250000016 0
1756236477077 2.8753281250000016 0
1756238342010 2.8753281250000016 0
1756238367612 2.8753281250000016 0
1756238374960 2.8753281250000016 0
1756238400962 2.8753281250000016 0
1756239484745 2.8753281250000016 0
1756239630897 2.8753281250000016 0
1756239654010 2.8753281250000016 0
1756239820104 2.8753281250000016 0
