1757058580383 722.7898283959713 0
1757058653119 722.7898283959713 0
1757058749922 697.7669352022339 0
1757058899786 697.7669352022339 0
1757060325426 697.4291383028129 0
1757060352677 687.5097950143186 0
1757060367967 687.5097950143186 0
1757060396122 687.5097950143186 0
1757060748065 687.5097950143186 0
1757060775424 687.5097950143186 0
1757060782729 687.5097950143186 0
1757060810644 687.5097950143186 0
1757061309544 687.5097950143186 0
1757061442440 687.5097950143186 0
1757061460158 687.5097950143186 0
1757061619435 687.5097950143186 0
1757063071865 687.5097950143186 0
1757063134656 687.5097950143186 0
1757063200578 687.5097950143186 0
1757063442715 687.5097950143186 0
1757065299179 687.5097950143186 0
1757065750065 687.5097950143186 0
1757065782814 687.5097950143186 0
1757066193303 687.5097950143186 0
1757068708621 687.5097950143186 0
1757068726436 687.5097950143186 0
1757068740839 687.5097950143186 0
1757068759625 687.5097950143186 0
1757069285200 687.5097950143186 0
1757069394569 687.5097950143186 0
1757069424441 687.5097950143186 0
1757069574135 687.5097950143186 0
