1757058580383 458.28022196541633 0
1757058653119 458.28022196541633 0
1757058749922 432.87806477504586 0
1757058899786 432.87806477504586 0
1757060325426 215.47136386108951 0
1757060352677 329.63658220178905 0
1757060367967 329.63658220178905 0
1757060396122 329.63658220178905 0
1757060748065 329.63658220178905 0
1757060775424 329.63658220178905 0
1757060782729 329.63658220178905 0
1757060810644 329.63658220178905 0
1757061309544 329.63658220178905 0
1757061442440 329.63658220178905 0
1757061460158 329.63658220178905 0
1757061619435 329.63658220178905 0
1757063071865 329.63658220178905 0
1757063134656 329.63658220178905 0
1757063200578 329.63658220178905 0
1757063442715 329.63658220178905 0
1757065299179 329.63658220178905 0
1757065750065 329.63658220178905 0
1757065782814 329.63658220178905 0
1757066193303 329.63658220178905 0
1757068708621 329.63658220178905 0
1757068726436 329.63658220178905 0
1757068740839 329.63658220178905 0
1757068759625 329.63658220178905 0
1757069285200 329.63658220178905 0
1757069394569 329.63658220178905 0
1757069424441 329.63658220178905 0
1757069574135 329.63658220178905 0
