1757058580383 351.7849774136552 0
1757058653119 351.7849774136552 0
1757058749922 332.3707019467382 0
1757058899786 332.3707019467382 0
1757060325426 168.46747769600307 0
1757060352677 268.8210066025881 0
1757060367967 268.8210066025881 0
1757060396122 268.8210066025881 0
1757060748065 268.8210066025881 0
1757060775424 268.8210066025881 0
1757060782729 268.8210066025881 0
1757060810644 268.8210066025881 0
1757061309544 268.8210066025881 0
1757061442440 268.8210066025881 0
1757061460158 268.8210066025881 0
1757061619435 268.8210066025881 0
1757063071865 268.8210066025881 0
1757063134656 268.8210066025881 0
1757063200578 268.8210066025881 0
1757063442715 268.8210066025881 0
1757065299179 268.8210066025881 0
1757065750065 268.8210066025881 0
1757065782814 268.8210066025881 0
1757066193303 268.8210066025881 0
1757068708621 268.8210066025881 0
1757068726436 268.8210066025881 0
1757068740839 268.8210066025881 0
1757068759625 268.8210066025881 0
1757069285200 268.8210066025881 0
1757069394569 268.8210066025881 0
1757069424441 268.8210066025881 0
1757069574135 268.8210066025881 0
