1756329677487 -162.82897154876588 0
1756329710543 -182.77648118163637 0
1756329760066 -182.77648118163637 0
1756329911034 -182.77648118163637 0
1756331567172 -182.77648118163637 0
1756332060695 -182.77648118163637 0
1756332094221 -182.77648118163637 0
1756332675409 -182.77648118163637 0
1756335290986 -182.77648118163637 0
1756335304228 -182.77648118163637 0
1756335317502 -182.77648118163637 0
1756335331827 -182.77648118163637 0
1756335790891 -182.77648118163637 0
1756335938985 -182.77648118163637 0
1756335983953 -182.77648118163637 0
1756336358531 -182.77648118163637 0
