1756329677487 15.716128302399083 0
1756329710543 13.227183361898485 0
1756329760066 13.227183361898485 0
1756329911034 13.227183361898485 0
1756331567172 13.227183361898485 0
1756332060695 13.227183361898485 0
1756332094221 13.227183361898485 0
1756332675409 13.227183361898485 0
1756335290986 13.227183361898485 0
1756335304228 13.227183361898485 0
1756335317502 13.227183361898485 0
1756335331827 13.227183361898485 0
1756335790891 13.227183361898485 0
1756335938985 13.227183361898485 0
1756335983953 13.227183361898485 0
1756336358531 13.227183361898485 0
