1756633653063 -0.9266087022454685 0
1756633725924 -0.9266087022454685 0
1756633753081 -0.9266087022454685 0
1756633779579 -0.04981195930959825 0
1756634285883 -0.04981195930959825 0
1756634317912 -0.045676660484796905 0
1756634334390 -0.045676660484796905 0
1756634366474 -0.045676660484796905 0
1756634697756 -0.045676660484796905 0
1756634731312 -0.045676660484796905 0
1756634738689 -0.045676660484796905 0
1756634774082 -0.045676660484796905 0
1756635510382 -0.045676660484796905 0
1756635652908 -0.045676660484796905 0
1756635669408 -0.045676660484796905 0
1756635822479 -0.045676660484796905 0
