1756595922982 5.24170534174152 0
1756595984840 5.24170534174152 0
1756596009676 5.24170534174152 0
1756596032026 4.829953565467008 0
1756596504449 4.584517064201697 0
1756596536065 4.584517064201697 0
1756596552272 4.584517064201697 0
1756596583971 4.584517064201697 0
1756596928267 4.584517064201697 0
1756596961503 4.584517064201697 0
1756596968582 4.584517064201697 0
1756597002702 4.584517064201697 0
1756597758307 4.584517064201697 0
1756597897131 4.584517064201697 0
1756597914655 4.584517064201697 0
1756598070059 4.584517064201697 0
