1756973154248 74.93237679320008 0
1756973225614 74.93237679320008 0
1756973262863 74.93237679319999 0
1756973322000 68.2835982770265 0
1756973906739 67.05502176690956 0
1756973935849 62.35316418166582 0
1756973953677 62.35316418166582 0
1756973983243 62.35316418166582 0
1756974318640 62.35316418166582 0
1756974347344 62.35316418166582 0
1756974355263 62.35316418166582 0
1756974386073 62.35316418166582 0
1756975167827 62.35316418166582 0
1756975303700 62.35316418166582 0
1756975321650 62.35316418166582 0
1756975489714 62.35316418166582 0
1756976643802 62.35316418166582 0
1756976775176 62.35316418166582 0
1756976813839 62.35316418166582 0
1756977012305 62.35316418166582 0
1756979651476 62.35316418166582 0
1756980077162 62.35316418166582 0
1756980115186 62.35316418166582 0
1756980552770 62.35316418166582 0
1756982503332 62.35316418166582 0
1756982519729 62.35316418166582 0
1756982535005 62.35316418166582 0
1756982552571 62.35316418166582 0
1756983459033 62.35316418166582 0
1756983591725 62.35316418166582 0
1756983625992 62.35316418166582 0
1756983735588 62.35316418166582 0
