1756973154248 2086.4338515635213 0
1756973225614 2086.4338515635213 0
1756973262863 2086.4338515635227 0
1756973322000 1943.1214446882516 0
1756973906739 929.5676464984944 0
1756973935849 952.2079403290661 0
1756973953677 952.2079403290661 0
1756973983243 952.2079403290661 0
1756974318640 952.2079403290661 0
1756974347344 952.2079403290661 0
1756974355263 952.2079403290661 0
1756974386073 952.2079403290661 0
1756975167827 952.2079403290661 0
1756975303700 952.2079403290661 0
1756975321650 952.2079403290661 0
1756975489714 952.2079403290661 0
1756976643802 952.2079403290661 0
1756976775176 952.2079403290661 0
1756976813839 952.2079403290661 0
1756977012305 952.2079403290661 0
1756979651476 952.2079403290661 0
1756980077162 952.2079403290661 0
1756980115186 952.2079403290661 0
1756980552770 952.2079403290661 0
1756982503332 952.2079403290661 0
1756982519729 952.2079403290661 0
1756982535005 952.2079403290661 0
1756982552571 952.2079403290661 0
1756983459033 952.2079403290661 0
1756983591725 952.2079403290661 0
1756983625992 952.2079403290661 0
1756983735588 952.2079403290661 0
