1756973154248 45.677498306754075 0
1756973225614 45.677498306754075 0
1756973262863 45.67749830675409 0
1756973322000 44.08085122463326 0
1756973906739 30.488811824971048 0
1756973935849 30.857866749486526 0
1756973953677 30.857866749486526 0
1756973983243 30.857866749486526 0
1756974318640 30.857866749486526 0
1756974347344 30.857866749486526 0
1756974355263 30.857866749486526 0
1756974386073 30.857866749486526 0
1756975167827 30.857866749486526 0
1756975303700 30.857866749486526 0
1756975321650 30.857866749486526 0
1756975489714 30.857866749486526 0
1756976643802 30.857866749486526 0
1756976775176 30.857866749486526 0
1756976813839 30.857866749486526 0
1756977012305 30.857866749486526 0
1756979651476 30.857866749486526 0
1756980077162 30.857866749486526 0
1756980115186 30.857866749486526 0
1756980552770 30.857866749486526 0
1756982503332 30.857866749486526 0
1756982519729 30.857866749486526 0
1756982535005 30.857866749486526 0
1756982552571 30.857866749486526 0
1756983459033 30.857866749486526 0
1756983591725 30.857866749486526 0
1756983625992 30.857866749486526 0
1756983735588 30.857866749486526 0
