1756914795814 -3.3015622489972287 0
1756914824346 -4.27875904223731 0
1756914872298 -4.27875904223731 0
1756914933794 -4.1886045148586915 0
1756916809775 -4.1886045148586915 0
1756917453977 -4.1886045148586915 0
1756917486942 -4.1886045148586915 0
1756917944008 -4.1886045148586915 0
1756919748042 -4.1886045148586915 0
1756919763178 -4.1886045148586915 0
1756919777276 -4.1886045148586915 0
1756919793557 -4.1886045148586915 0
1756920360249 -4.1886045148586915 0
1756920425130 -4.1886045148586915 0
1756920447798 -4.1886045148586915 0
1756920528813 -4.1886045148586915 0
