1756914795814 1.2031499128635386 0
1756914824346 1.013091036783526 0
1756914872298 1.013091036783526 0
1756914933794 0.9500621497469757 0
1756916809775 0.9500621497469757 0
1756917453977 0.9500621497469757 0
1756917486942 0.9500621497469757 0
1756917944008 0.9500621497469757 0
1756919748042 0.9500621497469757 0
1756919763178 0.9500621497469757 0
1756919777276 0.9500621497469757 0
1756919793557 0.9500621497469757 0
1756920360249 0.9500621497469757 0
1756920425130 0.9500621497469757 0
1756920447798 0.9500621497469757 0
1756920528813 0.9500621497469757 0
