1756676933695 0.4260467316152597 0
1756676960480 0.4260467316152597 0
1756677016875 0.4260467316152597 0
1756677065883 0.4260467316152597 0
1756678571352 0.4260467316152597 0
1756679062336 0.4102394412083107 0
1756679092753 0.4102394412083107 0
1756679588183 0.4102394412083107 0
1756682396354 0.4102394412083107 0
1756682412987 0.4102394412083107 0
1756682427768 0.4102394412083107 0
1756682444729 0.4102394412083107 0
1756682827070 0.4102394412083107 0
1756682886769 0.4102394412083107 0
1756682924116 0.4102394412083107 0
1756683008119 0.4102394412083107 0
