1757541240377 -1295.872169179947 0
1757541321352 -635.8302290426917 0
1757541358416 -635.8302290426917 0
1757541413156 -148.4092944080805 0
1757541776251 -131.74035350000003 0
1757541802773 -131.74035350000003 0
1757541818634 -131.74035350000003 0
1757541845679 -131.74035350000003 0
1757542136488 -131.74035350000003 0
1757542160559 -131.74035350000003 0
1757542168361 -131.74035350000003 0
1757542194016 -131.74035350000003 0
1757543359916 -136.6194679555871 0
1757543473941 -136.6194679555871 0
1757543491646 -136.6194679555871 0
1757543622686 -136.6194679555871 0
1757544873941 -136.6194679555871 0
1757544911854 -136.6194679555871 0
1757544962989 -136.6194679555871 0
1757545046220 -136.6194679555871 0
1757548617992 -136.6194679555871 0
1757548897832 -136.6194679555871 0
1757548923573 -136.6194679555871 0
1757549290681 -136.6194679555871 0
1757549540660 -136.6194679555871 0
1757549556132 -136.6194679555871 0
1757549570235 -136.6194679555871 0
1757549584873 -136.6194679555871 0
1757551028692 -136.6194679555871 0
1757551152421 -136.6194679555871 0
1757551176667 -136.6194679555871 0
1757551424013 -136.6194679555871 0
