1757541240377 758.2304948804255 0
1757541321352 153.13122968289179 0
1757541358416 153.13122968289179 0
1757541413156 147.98469414849998 0
1757541776251 28.92398683333333 0
1757541802773 28.92398683333333 0
1757541818634 28.92398683333333 0
1757541845679 28.92398683333333 0
1757542136488 28.92398683333333 0
1757542160559 28.92398683333333 0
1757542168361 28.92398683333333 0
1757542194016 28.92398683333333 0
1757543359916 26.487109275621673 0
1757543473941 26.487109275621673 0
1757543491646 26.487109275621673 0
1757543622686 26.487109275621673 0
1757544873941 26.487109275621673 0
1757544911854 26.487109275621673 0
1757544962989 26.487109275621673 0
1757545046220 26.487109275621673 0
1757548617992 26.487109275621673 0
1757548897832 26.487109275621673 0
1757548923573 26.487109275621673 0
1757549290681 26.487109275621673 0
1757549540660 26.487109275621673 0
1757549556132 26.487109275621673 0
1757549570235 26.487109275621673 0
1757549584873 26.487109275621673 0
1757551028692 26.487109275621673 0
1757551152421 26.487109275621673 0
1757551176667 26.487109275621673 0
1757551424013 26.487109275621673 0
