1756674327186 0.998737701171689 0
1756674386497 0.998737701171689 0
1756674409309 0.998737701171689 0
1756674430061 0.9850923883336996 0
1756674832226 0.9850923883336996 0
1756674860180 0.9534141004252 0
1756674876275 0.9534141004252 0
1756674904840 0.9534141004252 0
1756675226242 0.9534141004252 0
1756675253849 0.9534141004252 0
1756675260921 0.9534141004252 0
1756675290319 0.9534141004252 0
1756676176587 0.9534141004252 0
1756676288785 0.9534141004252 0
1756676306120 0.9534141004252 0
1756676435860 0.9534141004252 0
1756677267318 0.9534141004252 0
1756677317133 0.9534141004252 0
1756677363338 0.9534141004252 0
1756677410094 0.9534141004252 0
1756680464107 0.947568626183008 0
1756681027801 0.9320436331082291 0
1756681061061 0.9320436331082291 0
1756681501583 0.9320436331082291 0
1756682516875 0.9320436331082291 0
1756682536300 0.9320436331082291 0
1756682550029 0.9320436331082291 0
1756682567296 0.9320436331082291 0
1756683231279 0.9171162909067788 0
1756683281631 0.9171162909067788 0
1756683308883 0.9171162909067788 0
1756683395801 0.9171162909067788 0
