1756889856210 0.15234526217422534 0
1756889916528 0.15234526217422534 0
1756889974535 0.15234526217422528 0
1756890023879 0.15234526217422528 0
1756892249548 0.15234526217422528 0
1756892754785 0.15234526217422528 0
1756892783188 0.15234526217422528 0
1756893297251 0.15234526217422528 0
1756895432343 0.15234526217422528 0
1756895446964 0.15234526217422528 0
1756895459631 0.15234526217422528 0
1756895474656 0.15234526217422528 0
1756895969362 0.15234526217422528 0
1756896018056 0.15234526217422528 0
1756896043721 0.15234526217422528 0
1756896128799 0.15234526217422528 0
