1756889856210 0.059761392081309705 0
1756889916528 0.059761392081309705 0
1756889974535 0.05976139208131026 0
1756890023879 0.05976139208131026 0
1756892249548 0.05976139208131026 0
1756892754785 0.05976139208131026 0
1756892783188 0.05976139208131026 0
1756893297251 0.05976139208131026 0
1756895432343 0.05976139208131026 0
1756895446964 0.05976139208131026 0
1756895459631 0.05976139208131026 0
1756895474656 0.05976139208131026 0
1756895969362 0.05976139208131026 0
1756896018056 0.05976139208131026 0
1756896043721 0.05976139208131026 0
1756896128799 0.05976139208131026 0
