1756479720560 8.562687407873245 0
1756479799746 8.562687407873245 0
1756479824690 8.562687407873245 0
1756479931076 8.562687407873245 0
1756482962363 8.562687407873245 0
1756483393117 7.6559657663453855 0
1756483421198 7.6559657663453855 0
1756483875454 7.6716760764237835 0
1756484992230 7.471918399521058 0
1756485008832 7.471918399521058 0
1756485023176 7.471918399521058 0
1756485041563 7.471918399521058 0
1756486104618 7.471918399521058 0
1756487682059 7.471918399521058 0
1756488294949 7.471918399521058 0
1756497164655 7.471918399521058 0
