1756479720560 7.501959809403284 0
1756479799746 7.501959809403284 0
1756479824690 7.501959809403284 0
1756479931076 7.501959809403284 0
1756482962363 7.501959809403284 0
1756483393117 7.021671723257156 0
1756483421198 7.021671723257156 0
1756483875454 7.003705251331557 0
1756484992230 6.897785193434175 0
1756485008832 6.897785193434175 0
1756485023176 6.897785193434175 0
1756485041563 6.897785193434175 0
1756486104618 6.897785193434175 0
1756487682059 6.897785193434175 0
1756488294949 6.897785193434175 0
1756497164655 6.897785193434175 0
