1755888147324 -88.53225257267505 0
1755889096821 -88.53225257267505 0
1755889148630 -88.53225257267533 0
1755889294747 -88.53225257267533 0
1755891941409 -68.96956869156749 0
1755891995981 -68.96956869156749 0
1755892025199 -68.96956869156749 0
1755892080578 -68.96956869156749 0
1755892613189 -68.96956869156749 0
1755892664024 -68.96956869156749 0
1755892674585 -68.96956869156749 0
1755892728232 -68.96956869156749 0
1755894740395 -68.96956869156749 0
1755895211110 -68.96956869156749 0
1755895230988 -68.96956869156749 0
1755895745436 -68.96956869156749 0
