1755888147324 14.512513569866842 0
1755889096821 14.512513569866842 0
1755889148630 14.512513569866517 0
1755889294747 14.512513569866517 0
1755891941409 14.73430709759372 0
1755891995981 14.73430709759372 0
1755892025199 14.73430709759372 0
1755892080578 14.73430709759372 0
1755892613189 14.73430709759372 0
1755892664024 14.73430709759372 0
1755892674585 14.73430709759372 0
1755892728232 14.73430709759372 0
1755894740395 14.73430709759372 0
1755895211110 14.73430709759372 0
1755895230988 14.73430709759372 0
1755895745436 14.73430709759372 0
1755900731599 13.567341803656157 0
1755901205834 13.567341803656157 0
1755901348496 13.567341803656157 0
1755903126060 13.567341803656157 0
1755909182951 13.567341803656157 0
1755910064753 13.567341803656157 0
1755910124312 13.567341803656157 0
1755910816248 13.567341803656157 0
1755914460296 12.602588688154254 0
1755914482175 12.602588688154254 0
1755914503898 12.602588688154254 0
1755914531407 12.602588688154254 0
1755916784608 12.602588688154254 0
1755917049705 12.602588688154254 0
1755917087114 12.602588688154254 0
1755917356807 12.602588688154254 0
