1755888147324 0.08717964031007674 0
1755889096821 0.08717964031007674 0
1755889148630 0.08717964031010228 0
1755889294747 0.08717964031010228 0
1755891941409 0.17115645886672926 0
1755891995981 0.17115645886672926 0
1755892025199 0.17115645886672926 0
1755892080578 0.17115645886672926 0
1755892613189 0.17115645886672926 0
1755892664024 0.17115645886672926 0
1755892674585 0.17115645886672926 0
1755892728232 0.17115645886672926 0
1755894740395 0.17115645886672926 0
1755895211110 0.17115645886672926 0
1755895230988 0.17115645886672926 0
1755895745436 0.17115645886672926 0
1755900731599 0.26001527803717417 0
1755901205834 0.26001527803717417 0
1755901348496 0.26001527803717417 0
1755903126060 0.26001527803717417 0
1755909182951 0.26001527803717417 0
1755910064753 0.26001527803717417 0
1755910124312 0.26001527803717417 0
1755910816248 0.26001527803717417 0
1755914460296 0.3300195938386481 0
1755914482175 0.3300195938386481 0
1755914503898 0.3300195938386481 0
1755914531407 0.3300195938386481 0
1755916784608 0.3300195938386481 0
1755917049705 0.3300195938386481 0
1755917087114 0.3300195938386481 0
1755917356807 0.3300195938386481 0
