1755888147324 8.269817453907736 0
1755889096821 8.269817453907736 0
1755889148630 8.269817453907619 0
1755889294747 8.269817453907619 0
1755891941409 7.88024178413258 0
1755891995981 7.88024178413258 0
1755892025199 7.88024178413258 0
1755892080578 7.88024178413258 0
1755892613189 7.88024178413258 0
1755892664024 7.88024178413258 0
1755892674585 7.88024178413258 0
1755892728232 7.88024178413258 0
1755894740395 7.88024178413258 0
1755895211110 7.88024178413258 0
1755895230988 7.88024178413258 0
1755895745436 7.88024178413258 0
1755900731599 7.445856134024503 0
1755901205834 7.445856134024503 0
1755901348496 7.445856134024503 0
1755903126060 7.445856134024503 0
1755909182951 7.445856134024503 0
1755910064753 7.445856134024503 0
1755910124312 7.445856134024503 0
1755910816248 7.445856134024503 0
1755914460296 7.084909628530519 0
1755914482175 7.084909628530519 0
1755914503898 7.084909628530519 0
1755914531407 7.084909628530519 0
1755916784608 7.084909628530519 0
1755917049705 7.084909628530519 0
1755917087114 7.084909628530519 0
1755917356807 7.084909628530519 0
