1755888147324 5.757690467663633 0
1755889096821 5.757690467663633 0
1755889148630 5.757690467663699 0
1755889294747 5.757690467663699 0
1755891941409 6.178333018918241 0
1755891995981 6.178333018918241 0
1755892025199 6.178333018918241 0
1755892080578 6.178333018918241 0
1755892613189 6.178333018918241 0
1755892664024 6.178333018918241 0
1755892674585 6.178333018918241 0
1755892728232 6.178333018918241 0
1755894740395 6.178333018918241 0
1755895211110 6.178333018918241 0
1755895230988 6.178333018918241 0
1755895745436 6.178333018918241 0
