1756476538531 13.162292511109024 0
1756476607154 13.162292511109024 0
1756476635495 13.162292511109037 0
1756476667672 11.738882953162468 0
1756477042192 11.738882953162468 0
1756477071398 11.738882953162468 0
1756477087774 11.738882953162468 0
1756477117806 11.738882953162468 0
1756477423310 11.738882953162468 0
1756477452875 11.738882953162468 0
1756477460751 11.738882953162468 0
1756477493515 11.738882953162468 0
1756478705053 11.738882953162468 0
1756478817165 11.37681375329488 0
1756478834430 11.37681375329488 0
1756478961858 11.37681375329488 0
1756479991356 11.37681375329488 0
1756480067889 11.37681375329488 0
1756480124379 11.37681375329488 0
1756480186191 11.37681375329488 0
1756483909839 11.37681375329488 0
1756484309822 11.37681375329488 0
1756484349038 11.37681375329488 0
1756484791152 11.37681375329488 0
1756485057612 11.37681375329488 0
1756485071583 11.37681375329488 0
1756485085334 11.37681375329488 0
1756485100911 11.37681375329488 0
1756501841770 11.37681375329488 0
1756508419643 11.37681375329488 0
1756511801539 11.37681375329488 0
1756533764089 11.37681375329488 0
