1756476538531 -0.3605631250960615 0
1756476607154 -0.3605631250960615 0
1756476635495 -0.36056312509605526 0
1756476667672 -0.021860642206245062 0
1756477042192 -0.021860642206245062 0
1756477071398 -0.021860642206245062 0
1756477087774 -0.021860642206245062 0
1756477117806 -0.021860642206245062 0
1756477423310 -0.021860642206245062 0
1756477452875 -0.021860642206245062 0
1756477460751 -0.021860642206245062 0
1756477493515 -0.021860642206245062 0
1756478705053 -0.021860642206245062 0
1756478817165 0.02144447168822894 0
1756478834430 0.02144447168822894 0
1756478961858 0.02144447168822894 0
1756479991356 0.02144447168822894 0
1756480067889 0.02144447168822894 0
1756480124379 0.02144447168822894 0
1756480186191 0.02144447168822894 0
1756483909839 0.02144447168822894 0
1756484309822 0.02144447168822894 0
1756484349038 0.02144447168822894 0
1756484791152 0.02144447168822894 0
1756485057612 0.02144447168822894 0
1756485071583 0.02144447168822894 0
1756485085334 0.02144447168822894 0
1756485100911 0.02144447168822894 0
1756501841770 0.02144447168822894 0
1756508419643 0.02144447168822894 0
1756511801539 0.02144447168822894 0
1756533764089 0.02144447168822894 0
