1756476538531 -68.27541678849902 0
1756476607154 -68.27541678849902 0
1756476635495 -68.27541678849913 0
1756476667672 -126.91884307315016 0
1756477042192 -126.91884307315016 0
1756477071398 -126.91884307315016 0
1756477087774 -126.91884307315016 0
1756477117806 -126.91884307315016 0
1756477423310 -126.91884307315016 0
1756477452875 -126.91884307315016 0
1756477460751 -126.91884307315016 0
1756477493515 -126.91884307315016 0
1756478705053 -126.91884307315016 0
1756478817165 -79.12221295697573 0
1756478834430 -79.12221295697573 0
1756478961858 -79.12221295697573 0
1756479991356 -79.12221295697573 0
1756480067889 -79.12221295697573 0
1756480124379 -79.12221295697573 0
1756480186191 -79.12221295697573 0
1756483909839 -79.12221295697573 0
1756484309822 -79.12221295697573 0
1756484349038 -79.12221295697573 0
1756484791152 -79.12221295697573 0
1756485057612 -79.12221295697573 0
1756485071583 -79.12221295697573 0
1756485085334 -79.12221295697573 0
1756485100911 -79.12221295697573 0
1756501841770 -79.12221295697573 0
1756508419643 -79.12221295697573 0
1756511801539 -79.12221295697573 0
1756533764089 -79.12221295697573 0
