1757064120420 506.53644774632824 0
1757064210964 506.53644774632824 0
1757064250390 583.727420942829 0
1757064340983 583.727420942829 0
1757067982265 513.0115319245232 0
1757068314858 482.6593879199891 0
1757068346259 482.6593879199891 0
1757068624980 482.2688154308657 0
1757068906861 482.2688154308657 0
1757068924350 482.2688154308657 0
1757068939587 482.2688154308657 0
1757068956307 482.2688154308657 0
1757070211285 482.2688154308657 0
1757070284831 482.2688154308657 0
1757070310707 482.2688154308657 0
1757070410741 482.2688154308657 0
