1756202117725 -224089.39158022273 0
1756202196070 -224383.79055529222 0
1756202289982 -224383.79055529222 0
1756202436158 -178450.119881895 0
1756203900190 -178450.119881895 0
1756203927821 -159084.01721338456 0
1756203943104 -159084.01721338456 0
1756203971156 -159085.97530228607 0
1756204309205 -159085.97530228607 0
1756204334401 -159085.97530228607 0
1756204341178 -159085.97530228607 0
1756204367968 -159085.97530228607 0
1756204865469 -159085.97530228607 0
1756205003594 -165907.35517638474 0
1756205019276 -165907.35517638474 0
1756205165979 -165907.35517638474 0
