1756202117725 478.152438036526 0
1756202196070 367.61849080368995 0
1756202289982 367.61849080368995 0
1756202436158 354.43699929566293 0
1756203900190 354.43699929566293 0
1756203927821 319.67928571428575 0
1756203943104 319.67928571428575 0
1756203971156 319.67928571428575 0
1756204309205 319.67928571428575 0
1756204334401 319.67928571428575 0
1756204341178 319.67928571428575 0
1756204367968 319.67928571428575 0
1756204865469 319.67928571428575 0
1756205003594 327.0431315104167 0
1756205019276 327.0431315104167 0
1756205165979 327.0431315104167 0
