1756202117725 600.3089070304471 0
1756202196070 488.8720952084421 0
1756202289982 488.8720952084421 0
1756202436158 424.4209944298571 0
1756203900190 424.4209944298571 0
1756203927821 421.05528029922283 0
1756203943104 421.05528029922283 0
1756203971156 421.05528029922283 0
1756204309205 421.05528029922283 0
1756204334401 421.05528029922283 0
1756204341178 421.05528029922283 0
1756204367968 421.05528029922283 0
1756204865469 421.05528029922283 0
1756205003594 418.7994563415811 0
1756205019276 418.7994563415811 0
1756205165979 418.7994563415811 0
