1757319384064 1197.5545946211616 0
1757319452899 19.294590323153248 0
1757319478569 19.294590323153248 0
1757319503565 19.77478243641362 0
1757319898325 16.66880198043231 0
1757319925470 16.778681490799112 0
1757319943807 16.778681490799112 0
1757319971165 16.778681490799112 0
1757320257028 16.778681490799112 0
1757320284776 16.778681490799112 0
1757320294857 16.778681490799112 0
1757320327225 16.778681490799112 0
1757321659395 16.33959329077407 0
1757321781059 16.33959329077407 0
1757321800228 16.33959329077407 0
1757321936923 16.33959329077407 0
1757323075101 16.33959329077407 0
1757323149627 16.33959329077407 0
1757323182198 16.33959329077407 0
1757323234538 16.33959329077407 0
1757326534711 16.33959329077407 0
1757327014280 16.499279345897154 0
1757327046100 16.499279345897154 0
1757327597912 16.499279345897154 0
1757327889688 16.499279345897154 0
1757327905054 16.499279345897154 0
1757327920305 16.499279345897154 0
1757327939567 16.391218935034704 0
1757329204680 16.391218935034704 0
1757329266649 16.391218935034704 0
1757329297876 16.391218935034704 0
1757329382209 16.294270617112446 0
