1757319384064 -6517.916429735043 0
1757319452899 -0.6449964708603844 0
1757319478569 -0.6449964708603844 0
1757319503565 -0.4352014106488069 0
1757319898325 -0.21398013285399298 0
1757319925470 -0.16220052482499647 0
1757319943807 -0.16220052482499647 0
1757319971165 -0.16220052482499647 0
1757320257028 -0.16220052482499647 0
1757320284776 -0.16220052482499647 0
1757320294857 -0.16220052482499647 0
1757320327225 -0.16220052482499647 0
1757321659395 -0.1263300530080309 0
1757321781059 -0.1263300530080309 0
1757321800228 -0.1263300530080309 0
1757321936923 -0.1263300530080309 0
1757323075101 -0.1263300530080309 0
1757323149627 -0.1263300530080309 0
1757323182198 -0.1263300530080309 0
1757323234538 -0.1263300530080309 0
1757326534711 -0.1263300530080309 0
1757327014280 -0.12419712733143462 0
1757327046100 -0.12419712733143462 0
1757327597912 -0.12419712733143462 0
1757327889688 -0.12419712733143462 0
1757327905054 -0.12419712733143462 0
1757327920305 -0.12419712733143462 0
1757327939567 -0.0680806670032088 0
1757329204680 -0.0680806670032088 0
1757329266649 -0.0680806670032088 0
1757329297876 -0.0680806670032088 0
1757329382209 -0.06474118777323268 0
