1757319384064 591.3734972481435 0
1757319452899 7.78149348636436 0
1757319478569 7.78149348636436 0
1757319503565 8.884718859795976 0
1757319898325 3.0754197884191328 0
1757319925470 5.803788782802969 0
1757319943807 5.803788782802969 0
1757319971165 5.803788782802969 0
1757320257028 5.803788782802969 0
1757320284776 5.803788782802969 0
1757320294857 5.803788782802969 0
1757320327225 5.803788782802969 0
1757321659395 4.747090910614052 0
1757321781059 4.747090910614052 0
1757321800228 4.747090910614052 0
1757321936923 4.747090910614052 0
1757323075101 4.747090910614052 0
1757323149627 4.747090910614052 0
1757323182198 4.747090910614052 0
1757323234538 4.747090910614052 0
1757326534711 4.747090910614052 0
