1756972764753 -2174.6203188636264 0
1756972828234 -2574.2967662975084 0
1756972863892 -2574.2967662975084 0
1756972919305 -2596.9488481685617 0
1756973729976 -2596.9488481685617 0
1756973757540 -2596.9488481685617 0
1756973774068 -2596.9488481685617 0
1756973801389 -2596.9488481685617 0
1756974174029 -2596.9488481685617 0
1756974202858 -2596.9488481685617 0
1756974210314 -2596.9488481685617 0
1756974240047 -2596.9488481685617 0
1756974547497 -2596.9488481685617 0
1756974660601 -2596.9488481685617 0
1756974682261 -2596.9488481685617 0
1756974812048 -2596.9488481685617 0
