1756972764753 15.700375492493176 0
1756972828234 18.998714678342505 0
1756972863892 18.998714678342505 0
1756972919305 16.394897482988004 0
1756973729976 16.394897482988004 0
1756973757540 16.394897482988004 0
1756973774068 16.394897482988004 0
1756973801389 16.394897482988004 0
1756974174029 16.394897482988004 0
1756974202858 16.394897482988004 0
1756974210314 16.394897482988004 0
1756974240047 16.394897482988004 0
1756974547497 16.394897482988004 0
1756974660601 16.394897482988004 0
1756974682261 16.394897482988004 0
1756974812048 16.394897482988004 0
