1756972764753 50.55649029211027 0
1756972828234 50.35174912520234 0
1756972863892 50.35174912520234 0
1756972919305 47.5292564171568 0
1756973729976 47.5292564171568 0
1756973757540 47.5292564171568 0
1756973774068 47.5292564171568 0
1756973801389 47.5292564171568 0
1756974174029 47.5292564171568 0
1756974202858 47.5292564171568 0
1756974210314 47.5292564171568 0
1756974240047 47.5292564171568 0
1756974547497 47.5292564171568 0
1756974660601 47.5292564171568 0
1756974682261 47.5292564171568 0
1756974812048 47.5292564171568 0
