1756225901109 -26517.834756119817 0
1756225938287 -26240.093004410264 0
1756226002665 -26240.093004410264 0
1756226036284 -24926.12868901624 0
1756231249224 -24926.12868901624 0
1756231549833 -24926.12868901624 0
1756231581401 -24926.12868901624 0
1756231948611 -24926.12868901624 0
1756232245973 -24926.12868901624 0
1756232267536 -24926.12868901624 0
1756232282645 -24926.12868901624 0
1756232302543 -24926.12868901624 0
1756233727430 -24926.12868901624 0
1756233823719 -24926.12868901624 0
1756233866595 -24926.12868901624 0
1756233988220 -24926.12868901624 0
