1757058580308 722.7898283959713 0
1757058653039 722.7898283959713 0
1757058749808 697.7669352022339 0
1757058899562 697.7669352022339 0
1757060325148 697.4291383028129 0
1757060352414 687.5097950143186 0
1757060367693 687.5097950143186 0
1757060395839 687.5097950143186 0
1757060747644 687.5097950143186 0
1757060774864 687.5097950143186 0
1757060782292 687.5097950143186 0
1757060810198 687.5097950143186 0
1757061308925 687.5097950143186 0
1757061441685 687.5097950143186 0
1757061459475 687.5097950143186 0
1757061618725 687.5097950143186 0
