1757058580308 210020.76184467127 0
1757058653039 210020.76184467127 0
1757058749808 187383.41896338877 0
1757058899562 187383.41896338877 0
1757060325148 46427.90864415803 0
1757060352414 108660.27632567684 0
1757060367693 108660.27632567684 0
1757060395839 108660.27632567684 0
1757060747644 108660.27632567684 0
1757060774864 108660.27632567684 0
1757060782292 108660.27632567684 0
1757060810198 108660.27632567684 0
1757061308925 108660.27632567684 0
1757061441685 108660.27632567684 0
1757061459475 108660.27632567684 0
1757061618725 108660.27632567684 0
