1756976642046 -1888.8799264138318 0
1756976773321 -1888.8799264138318 0
1756976811991 -1714.4242296905431 0
1756977010512 -1714.4242296905431 0
1756979649366 -1714.4242296905431 0
1756980075212 -1884.0579520425076 0
1756980112869 -1884.0579520425076 0
1756980551806 -1884.0579520425076 0
1756982502411 -1884.0579520425076 0
1756982518894 -1884.0579520425076 0
1756982534172 -1884.0579520425076 0
1756982551737 -1884.0579520425076 0
1756983458159 -1884.0579520425076 0
1756983590822 -1884.0579520425076 0
1756983624895 -1884.0579520425076 0
1756983734688 -1884.0579520425076 0
