1756976642046 0.0202218248405015 0
1756976773321 0.0202218248405015 0
1756976811991 0.10939834054464603 0
1756977010512 0.10939834054464603 0
1756979649366 0.10939834054464603 0
1756980075212 0.11777035437690142 0
1756980112869 0.11777035437690142 0
1756980551806 0.11777035437690142 0
1756982502411 0.11777035437690142 0
1756982518894 0.11777035437690142 0
1756982534172 0.11777035437690142 0
1756982551737 0.11777035437690142 0
1756983458159 0.11777035437690142 0
1756983590822 0.11777035437690142 0
1756983624895 0.11777035437690142 0
1756983734688 0.11777035437690142 0
