1756976642046 65.76414627320837 0
1756976773321 65.76414627320837 0
1756976811991 62.699930010026485 0
1756977010512 62.699930010026485 0
1756979649366 62.699930010026485 0
1756980075212 62.40453187433479 0
1756980112869 62.40453187433479 0
1756980551806 62.40453187433479 0
1756982502411 62.40453187433479 0
1756982518894 62.40453187433479 0
1756982534172 62.40453187433479 0
1756982551737 62.40453187433479 0
1756983458159 62.40453187433479 0
1756983590822 62.40453187433479 0
1756983624895 62.40453187433479 0
1756983734688 62.40453187433479 0
