1756222238169 35.389575016552385 0
1756222310767 30.763202404891242 0
1756222340398 16.901678372747977 0
1756222380222 14.647338050175962 0
1756222846565 14.647338050175962 0
1756222875000 14.647338050175962 0
1756222892356 14.647338050175962 0
1756222921953 14.647338050175962 0
1756223249582 14.647338050175962 0
1756223275255 14.647338050175962 0
1756223283287 14.647338050175962 0
1756223315538 14.647338050175962 0
1756224269789 14.647338050175962 0
1756224383769 14.647338050175962 0
1756224400129 14.647338050175962 0
1756224536591 14.647338050175962 0
