1756222238169 42.8757806814284 0
1756222310767 38.30204882278383 0
1756222340398 21.40273934679984 0
1756222380222 16.802011188450727 0
1756222846565 16.802011188450727 0
1756222875000 16.802011188450727 0
1756222892356 16.802011188450727 0
1756222921953 16.802011188450727 0
1756223249582 16.802011188450727 0
1756223275255 16.802011188450727 0
1756223283287 16.802011188450727 0
1756223315538 16.802011188450727 0
1756224269789 16.802011188450727 0
1756224383769 16.802011188450727 0
1756224400129 16.802011188450727 0
1756224536591 16.802011188450727 0
