1756222238169 162.39889124670077 0
1756222310767 157.37559016605147 0
1756222340398 155.3176693517495 0
1756222380222 158.07032232650724 0
1756222846565 158.07032232650724 0
1756222875000 158.07032232650724 0
1756222892356 158.07032232650724 0
1756222921953 158.07032232650724 0
1756223249582 158.07032232650724 0
1756223275255 158.07032232650724 0
1756223283287 158.07032232650724 0
1756223315538 158.07032232650724 0
1756224269789 158.07032232650724 0
1756224383769 158.07032232650724 0
1756224400129 158.07032232650724 0
1756224536591 158.07032232650724 0
