1757077381026 108.99740918889795 0
1757077443485 39.58516455629708 0
1757077474012 39.58516455629708 0
1757077514605 14.669109652352422 0
1757078120684 14.669109652352422 0
1757078149227 14.669109652352422 0
1757078165783 14.669109652352422 0
1757078195639 14.669109652352422 0
1757078526574 14.669109652352422 0
1757078552852 14.669109652352422 0
1757078560293 14.669109652352422 0
1757078588825 14.669109652352422 0
1757079019168 14.669109652352422 0
1757079111507 14.669109652352422 0
1757079127577 14.669109652352422 0
1757079237211 14.669109652352422 0
1757080388939 14.669109652352422 0
1757080426272 14.669109652352422 0
1757080533789 14.669109652352422 0
1757080622080 13.078220541466294 0
1757082296725 13.078220541466294 0
1757082665008 13.078220541466294 0
1757082699314 13.078220541466294 0
1757083076439 13.078220541466294 0
1757085843022 13.078220541466294 0
1757085859607 13.078220541466294 0
1757085872965 13.078220541466294 0
1757085891443 13.078220541466294 0
1757086343126 13.078220541466294 0
1757086421295 13.078220541466294 0
1757086450488 13.078220541466294 0
1757086614899 13.078220541466294 0
