1757077381026 63.676353140884714 0
1757077443485 23.19089044697405 0
1757077474012 23.19089044697405 0
1757077514605 8.411081728962836 0
1757078120684 8.411081728962836 0
1757078149227 8.411081728962836 0
1757078165783 8.411081728962836 0
1757078195639 8.411081728962836 0
1757078526574 8.411081728962836 0
1757078552852 8.411081728962836 0
1757078560293 8.411081728962836 0
1757078588825 8.411081728962836 0
1757079019168 8.411081728962836 0
1757079111507 8.411081728962836 0
1757079127577 8.411081728962836 0
1757079237211 8.411081728962836 0
1757080388939 8.411081728962836 0
1757080426272 8.411081728962836 0
1757080533789 8.411081728962836 0
1757080622080 7.641029292562333 0
1757082296725 7.641029292562333 0
1757082665008 7.641029292562333 0
1757082699314 7.641029292562333 0
1757083076439 7.641029292562333 0
1757085843022 7.641029292562333 0
1757085859607 7.641029292562333 0
1757085872965 7.641029292562333 0
1757085891443 7.641029292562333 0
1757086343126 7.641029292562333 0
1757086421295 7.641029292562333 0
1757086450488 7.641029292562333 0
1757086614899 7.641029292562333 0
