1756366051997 -0.032748300716639686 0
1756366097538 -0.032748300716639686 0
1756366123718 -0.03274830071663975 0
1756366145124 -0.029005301809056905 0
1756366542308 -0.023749503617671593 0
1756366570181 -0.023749503617671593 0
1756366586794 -0.023749503617671593 0
1756366616459 -0.023749503617671593 0
1756366931824 -0.023749503617671593 0
1756366957864 -0.023749503617671593 0
1756366964894 -0.023749503617671593 0
1756366992818 -0.023749503617671593 0
1756367825383 -0.023749503617671593 0
1756367927802 -0.023749503617671593 0
1756367944636 -0.023749503617671593 0
1756368066773 -0.023749503617671593 0
1756368836998 -0.023749503617671593 0
1756368877025 -0.023749503617671593 0
1756368911248 -0.023749503617671593 0
1756368953766 -0.023749503617671593 0
1756372611081 -0.023749503617671593 0
1756373154913 -0.023749503617671593 0
1756373186632 -0.023749503617671593 0
1756373742934 -0.023749503617671593 0
1756374872632 -0.023749503617671593 0
1756374887818 -0.023749503617671593 0
1756374900515 -0.023749503617671593 0
1756374918583 -0.023749503617671593 0
1756375544059 -0.023749503617671593 0
1756375593121 -0.023749503617671593 0
1756375621901 -0.023749503617671593 0
1756375711400 -0.023749503617671593 0
