1756674450121 0.5893461254567803 0
1756674507145 0.5893461254567803 0
1756674526906 0.5893461254567803 0
1756674549649 0.5341307615846407 0
1756674920033 0.5341307615846407 0
1756674946420 0.45574709984247935 0
1756674962172 0.45574709984247935 0
1756674989318 0.45574709984247935 0
1756675297218 0.45574709984247935 0
1756675323679 0.4396558956068476 0
1756675331088 0.4396558956068476 0
1756675358677 0.4396558956068476 0
1756676452367 0.4396558956068476 0
1756676563756 0.4396558956068476 0
1756676580444 0.4396558956068476 0
1756676709788 0.4396558956068476 0
