1756674450121 0.8947054887034421 0
1756674507145 0.8947054887034421 0
1756674526906 0.8947054887034421 0
1756674549649 0.8123099202854528 0
1756674920033 0.8123099202854528 0
1756674946420 0.7604658275049953 0
1756674962172 0.7604658275049953 0
1756674989318 0.7604658275049953 0
1756675297218 0.7604658275049953 0
1756675323679 0.7237903883655403 0
1756675331088 0.7237903883655403 0
1756675358677 0.7237903883655403 0
1756676452367 0.7237903883655403 0
1756676563756 0.7237903883655403 0
1756676580444 0.7237903883655403 0
1756676709788 0.7237903883655403 0
