1756674450121 0.46370006699070415 0
1756674507145 0.46370006699070415 0
1756674526906 0.46370006699070415 0
1756674549649 0.6967415746305607 0
1756674920033 0.6967415746305607 0
1756674946420 0.4353700970334584 0
1756674962172 0.4353700970334584 0
1756674989318 0.4353700970334584 0
1756675297218 0.4353700970334584 0
1756675323679 0.47604977199053594 0
1756675331088 0.47604977199053594 0
1756675358677 0.47604977199053594 0
1756676452367 0.47604977199053594 0
1756676563756 0.47604977199053594 0
1756676580444 0.47604977199053594 0
1756676709788 0.47604977199053594 0
