1756799948914 -0.6585778966475794 0
1756800031437 -0.6585778966475794 0
1756800058444 -0.6585778966475794 0
1756800079934 -0.7242431198238515 0
1756800655977 -0.7242431198238515 0
1756800684612 -0.7242431198238515 0
1756800700084 -0.7242431198238515 0
1756800728676 -0.7242431198238515 0
1756801110056 -0.7242431198238515 0
1756801136305 -0.7242431198238515 0
1756801144160 -0.7242431198238515 0
1756801172278 -0.7242431198238515 0
1756801692097 -0.7242431198238515 0
1756801828629 -0.7242431198238515 0
1756801849272 -0.7242431198238515 0
1756802010110 -0.7242431198238515 0
1756803354848 -0.7242431198238515 0
1756803416643 -0.7242431198238515 0
1756803506111 -0.7242431198238515 0
1756803584515 -0.7242431198238515 0
1756805389080 -0.7242431198238515 0
1756805795848 -0.7242431198238515 0
1756805829711 -0.7242431198238515 0
1756806242793 -0.7242431198238515 0
