1756976181612 -2100.823065396745 0
1756976261742 -2332.9535397657264 0
1756976327154 -2332.9535397657264 0
1756976407131 -2332.9535397657264 0
1756977641619 -2332.9535397657264 0
1756978055012 -2332.9535397657264 0
1756978092399 -2332.9535397657264 0
1756978718220 -2332.9535397657264 0
1756982363510 -2332.9535397657264 0
1756982383659 -2574.3092655191313 0
1756982400404 -2574.3092655191313 0
1756982422038 -2574.3092655191313 0
1756982718236 -2574.3092655191313 0
1756982786670 -2574.3092655191313 0
1756982847142 -2574.3092655191313 0
1756982962814 -2574.3092655191313 0
