1756976181612 36.79317294921076 0
1756976261742 34.479600845176385 0
1756976327154 34.479600845176385 0
1756976407131 34.479600845176385 0
1756977641619 34.479600845176385 0
1756978055012 34.479600845176385 0
1756978092399 34.479600845176385 0
1756978718220 34.479600845176385 0
1756982363510 34.479600845176385 0
1756982383659 35.651686909581635 0
1756982400404 35.651686909581635 0
1756982422038 35.651686909581635 0
1756982718236 35.651686909581635 0
1756982786670 35.651686909581635 0
1756982847142 35.651686909581635 0
1756982962814 35.651686909581635 0
