1756976181612 -0.16269566465646434 0
1756976261742 0.01923448616182366 0
1756976327154 0.01923448616182366 0
1756976407131 0.01923448616182366 0
1756977641619 0.01923448616182366 0
1756978055012 0.01923448616182366 0
1756978092399 0.01923448616182366 0
1756978718220 0.01923448616182366 0
1756982363510 0.01923448616182366 0
1756982383659 0.06241166112275276 0
1756982400404 0.06241166112275276 0
1756982422038 0.06241166112275276 0
1756982718236 0.06241166112275276 0
1756982786670 0.06241166112275276 0
1756982847142 0.06241166112275276 0
1756982962814 0.06241166112275276 0
