1756660861761 -2.0363120769065355 0
1756660939067 -0.058375619312917904 0
1756660966388 -0.058375619312917904 0
1756660986348 -0.058375619312917904 0
1756661498208 0.11440399198943807 0
1756661528484 0.11440399198943807 0
1756661544853 0.11440399198943807 0
1756661576466 0.11440399198943807 0
1756661932032 0.11440399198943807 0
1756661963240 0.11440399198943807 0
1756661970547 0.11440399198943807 0
1756662003174 0.11440399198943807 0
1756662709817 0.11440399198943807 0
1756662838310 0.11440399198943807 0
1756662855455 0.11440399198943807 0
1756663002862 0.11440399198943807 0
1756664042938 0.11440399198943807 0
1756664111661 0.11440399198943807 0
1756664162871 0.11440399198943807 0
1756664217570 0.11440399198943807 0
1756666775066 0.11440399198943807 0
1756667399130 0.11440399198943807 0
1756667432139 0.11440399198943807 0
1756667937087 0.11440399198943807 0
1756670151777 0.11440399198943807 0
1756670171179 0.11440399198943807 0
1756670186123 0.11440399198943807 0
1756670206659 0.11440399198943807 0
1756670733987 0.11440399198943807 0
1756670779797 0.12771746061072342 0
1756670806747 0.12771746061072342 0
1756670915939 0.12771746061072342 0
