1756660861761 -0.1973749578998425 0
1756660939067 0.28482072283864623 0
1756660966388 0.28482072283864623 0
1756660986348 0.28482072283864623 0
1756661498208 0.8650557141458571 0
1756661528484 0.8650557141458571 0
1756661544853 0.8650557141458571 0
1756661576466 0.8650557141458571 0
1756661932032 0.8650557141458571 0
1756661963240 0.8650557141458571 0
1756661970547 0.8650557141458571 0
1756662003174 0.8650557141458571 0
1756662709817 0.8650557141458571 0
1756662838310 0.8650557141458571 0
1756662855455 0.8650557141458571 0
1756663002862 0.8650557141458571 0
1756664042938 0.8650557141458571 0
1756664111661 0.8650557141458571 0
1756664162871 0.8650557141458571 0
1756664217570 0.8650557141458571 0
1756666775066 0.8650557141458571 0
1756667399130 0.8650557141458571 0
1756667432139 0.8650557141458571 0
1756667937087 0.8650557141458571 0
1756670151777 0.8650557141458571 0
1756670171179 0.8650557141458571 0
1756670186123 0.8650557141458571 0
1756670206659 0.8650557141458571 0
1756670733987 0.8650557141458571 0
