1757540626637 6.14029014448702 0
1757540709534 6.14029014448702 0
1757540746895 6.140290144486637 0
1757540800878 6.140290144486637 0
1757541510920 5.8543825371737155 0
1757541538721 5.8543825371737155 0
1757541554448 5.8543825371737155 0
1757541582781 5.8543825371737155 0
1757541921433 5.8543825371737155 0
1757541948181 5.8543825371737155 0
1757541955589 5.8543825371737155 0
1757541984054 5.8543825371737155 0
1757542466557 5.8543825371737155 0
1757542590110 5.8543825371737155 0
1757542606786 5.8543825371737155 0
1757542747305 5.8543825371737155 0
