1756730340612 0.541754486292829 0
1756730377052 0.4457849429963639 0
1756730407362 0.4457849429963639 0
1756730466186 0.447367690683584 0
1756732754158 0.447367690683584 0
1756733281797 0.447367690683584 0
1756733314518 0.447367690683584 0
1756733825797 0.447367690683584 0
1756735942650 0.447367690683584 0
1756735958064 0.447367690683584 0
1756735973162 0.447367690683584 0
1756735990212 0.447367690683584 0
1756736552543 0.447367690683584 0
1756736611521 0.447367690683584 0
1756736634699 0.447367690683584 0
1756736717378 0.447367690683584 0
