1756730340612 0.6808637080087376 0
1756730377052 0.6311342749388591 0
1756730407362 0.6311342749388591 0
1756730466186 0.620589278525567 0
1756732754158 0.620589278525567 0
1756733281797 0.620589278525567 0
1756733314518 0.620589278525567 0
1756733825797 0.620589278525567 0
1756735942650 0.620589278525567 0
1756735958064 0.620589278525567 0
1756735973162 0.620589278525567 0
1756735990212 0.620589278525567 0
1756736552543 0.620589278525567 0
1756736611521 0.620589278525567 0
1756736634699 0.620589278525567 0
1756736717378 0.620589278525567 0
