1755888147219 8.269817453907736 0
1755889096707 8.269817453907736 0
1755889148508 8.269817453907619 0
1755889294616 8.269817453907619 0
1755891941130 7.88024178413258 0
1755891995699 7.88024178413258 0
1755892024899 7.88024178413258 0
1755892080277 7.88024178413258 0
1755892612758 7.88024178413258 0
1755892663586 7.88024178413258 0
1755892674139 7.88024178413258 0
1755892727780 7.88024178413258 0
1755894739780 7.88024178413258 0
1755895210488 7.88024178413258 0
1755895230360 7.88024178413258 0
1755895744793 7.88024178413258 0
