1756645993909 -30.90020730038724 0
1756646064286 -73.22874242206538 0
1756646090135 -73.22874242206538 0
1756646113151 -7.098093849661032 0
1756646673761 -5.617577050387924 0
1756646701098 -5.617577050387924 0
1756646716713 -5.617577050387924 0
1756646745012 -5.617577050387924 0
1756647084926 -5.617577050387924 0
1756647110142 -5.617577050387924 0
1756647117215 -5.617577050387924 0
1756647143656 -5.617577050387924 0
1756647585780 -5.811998414765949 0
1756647695431 -5.811998414765949 0
1756647711799 -5.811998414765949 0
1756647838839 -5.811998414765949 0
