1756294200131 -68.9870681925793 0
1756294247653 -68.9870681925793 0
1756294310639 -68.9870681925793 0
1756294354024 -68.9870681925793 0
1756295151527 -68.9870681925793 0
1756295474488 -68.9870681925793 0
1756295513472 -68.9870681925793 0
1756295869888 -68.9870681925793 0
1756299492169 -68.9870681925793 0
1756299512042 -68.9870681925793 0
1756299530705 -68.9870681925793 0
1756299552071 -68.9870681925793 0
1756299917229 -68.9870681925793 0
1756300055436 -68.9870681925793 0
1756300092587 -68.9870681925793 0
1756300250897 -68.9870681925793 0
