1756294200131 6.172145208664839 0
1756294247653 6.172145208664839 0
1756294310639 6.172145208664839 0
1756294354024 6.172145208664839 0
1756295151527 6.172145208664839 0
1756295474488 6.172145208664839 0
1756295513472 6.172145208664839 0
1756295869888 6.172145208664839 0
1756299492169 6.172145208664839 0
1756299512042 6.172145208664839 0
1756299530705 6.172145208664839 0
1756299552071 6.172145208664839 0
1756299917229 6.172145208664839 0
1756300055436 6.172145208664839 0
1756300092587 6.172145208664839 0
1756300250897 6.172145208664839 0
