1756824796660 4.43979030287828 0
1756824854812 4.43979030287828 0
1756824911559 4.43979030287828 0
1756825007718 3.329417691014887 0
1756827946858 3.329417691014887 0
1756828614640 3.2061110329262887 0
1756828657311 3.2061110329262887 0
1756829242343 3.2061110329262887 0
1756831232746 3.2061110329262887 0
1756831251612 3.2061110329262887 0
1756831269248 3.2061110329262887 0
1756831288543 3.2061110329262887 0
1756832269822 3.2061110329262887 0
1756832384203 3.2061110329262887 0
1756832413440 3.2061110329262887 0
1756832551367 3.2061110329262887 0
