1756824796660 7.407376610833426 0
1756824854812 7.407376610833426 0
1756824911559 7.407376610833426 0
1756825007718 5.99639687820073 0
1756827946858 5.99639687820073 0
1756828614640 5.962586644799363 0
1756828657311 5.962586644799363 0
1756829242343 5.962586644799363 0
1756831232746 5.962586644799363 0
1756831251612 5.962586644799363 0
1756831269248 5.962586644799363 0
1756831288543 5.962586644799363 0
1756832269822 5.962586644799363 0
1756832384203 5.962586644799363 0
1756832413440 5.962586644799363 0
1756832551367 5.962586644799363 0
