1756992648227 1.3505661369046347 0
1756992752263 1.3505661369046347 0
1756992872409 1.3505661369046347 0
1756992975269 1.3505661369046347 0
1756995197269 1.347024837042116 0
1756995666756 1.347024837042116 0
1756995710915 1.3439368001180776 0
1756996227837 1.3439368001180776 0
1756999410218 1.3439368001180776 0
1756999428636 1.3439368001180776 0
1756999445739 1.3439368001180776 0
1756999464575 1.3439368001180776 0
1757000037311 1.3439368001180776 0
1757000133166 1.3439368001180776 0
1757000162650 1.3439368001180776 0
1757000303485 1.3439368001180776 0
