1756727597612 0.5005663321112314 0
1756727642729 0.29348310177546244 0
1756727663141 0.29348310177546244 0
1756727684656 -0.0053632560154748266 0
1756728061087 -0.0053632560154748266 0
1756728090404 -0.0053632560154748266 0
1756728106467 -0.0053632560154748266 0
1756728136848 -0.0053632560154748266 0
1756728454513 -0.0053632560154748266 0
1756728490993 -0.0053632560154748266 0
1756728499179 -0.0053632560154748266 0
1756728537576 -0.0053632560154748266 0
1756729712759 0.21727213293247116 0
1756729824282 0.21727213293247116 0
1756729843192 0.21727213293247116 0
1756729971871 0.21727213293247116 0
1756730677301 0.21727213293247116 0
