1756993056047 1.6057697315339634 0
1756993114113 1.6057697315339634 0
1756993171522 1.6057697315339634 0
1756993243657 1.5360691076625848 0
1756996266153 1.5360691076625848 0
1756996755320 1.5335116578296193 0
1756996793676 1.5335116578296193 0
1756997506230 1.5335116578296193 0
1756999483478 1.5335116578296193 0
1756999504377 1.5335116578296193 0
1756999522211 1.5335116578296193 0
1756999545129 1.5335116578296193 0
1757000331517 1.5335116578296193 0
1757000400265 1.5335116578296193 0
1757000430167 1.5335116578296193 0
1757000530478 1.5335116578296193 0
