1756476223922 9.706101904672408 0
1756476297712 9.706101904672408 0
1756476326817 9.70610190467205 0
1756476359436 6.867193283159128 0
1756476856152 6.867193283159128 0
1756476887956 6.867193283159128 0
1756476904747 6.867193283159128 0
1756476936925 6.867193283159128 0
1756477263781 6.999216997516085 0
1756477302058 6.999216997516085 0
1756477309536 6.999216997516085 0
1756477349053 6.999216997516085 0
1756478085048 6.999216997516085 0
1756478220468 6.999216997516085 0
1756478237724 6.999216997516085 0
1756478391079 6.999216997516085 0
1756479495532 6.999216997516085 0
1756479563763 6.999216997516085 0
1756479632414 6.999216997516085 0
1756479680185 6.999216997516085 0
1756482042488 6.999216997516085 0
1756482544480 6.999216997516085 0
1756482582805 6.999216997516085 0
1756482933017 6.999216997516085 0
1756484930550 6.999216997516085 0
1756484946998 6.999216997516085 0
1756484960427 6.999216997516085 0
1756484980477 6.999216997516085 0
1756485852512 6.999216997516085 0
1756485951287 6.999216997516085 0
1756485983738 6.999216997516085 0
1756486075726 6.999216997516085 0
