1756476223922 11.93080564520687 0
1756476297712 11.93080564520687 0
1756476326817 11.930805645206462 0
1756476359436 9.42872718584183 0
1756476856152 9.42872718584183 0
1756476887956 9.42872718584183 0
1756476904747 9.42872718584183 0
1756476936925 9.42872718584183 0
1756477263781 9.169630530735066 0
1756477302058 9.169630530735066 0
1756477309536 9.169630530735066 0
1756477349053 9.169630530735066 0
1756478085048 9.169630530735066 0
1756478220468 9.169630530735066 0
1756478237724 9.169630530735066 0
1756478391079 9.169630530735066 0
1756479495532 9.169630530735066 0
1756479563763 9.169630530735066 0
1756479632414 9.169630530735066 0
1756479680185 9.169630530735066 0
1756482042488 9.169630530735066 0
1756482544480 9.169630530735066 0
1756482582805 9.169630530735066 0
1756482933017 9.169630530735066 0
1756484930550 9.169630530735066 0
1756484946998 9.169630530735066 0
1756484960427 9.169630530735066 0
1756484980477 9.169630530735066 0
1756485852512 9.169630530735066 0
1756485951287 9.169630530735066 0
1756485983738 9.169630530735066 0
1756486075726 9.169630530735066 0
