1757080658546 11.71937186784422 0
1757080689025 11.71937186784422 0
1757080712208 11.71937186784422 0
1757080811958 8.413702625313414 0
1757083107074 8.413702625313414 0
1757083655202 8.413702625313414 0
1757083689487 8.413702625313414 0
1757084119510 8.413702625313414 0
1757085906035 8.413702625313414 0
1757085926259 6.458498737350331 0
1757085940562 6.458498737350331 0
1757085958729 6.458498737350331 0
1757086647208 6.458498737350331 0
1757086764906 6.458498737350331 0
1757086800703 6.458498737350331 0
1757086930348 6.458498737350331 0
