1757080658546 -2.1302158714063992 0
1757080689025 -2.1302158714063992 0
1757080712208 -2.1302158714063992 0
1757080811958 -0.417200628932614 0
1757083107074 -0.417200628932614 0
1757083655202 -0.417200628932614 0
1757083689487 -0.417200628932614 0
1757084119510 -0.417200628932614 0
1757085906035 -0.417200628932614 0
1757085926259 0.06445338041061854 0
1757085940562 0.06445338041061854 0
1757085958729 0.06445338041061854 0
1757086647208 0.06445338041061854 0
1757086764906 0.06445338041061854 0
1757086800703 0.06445338041061854 0
1757086930348 0.06445338041061854 0
