1756206595731 -2.1416410681671123 0
1756206683890 -0.5090525268875827 0
1756206748045 -0.5090525268875827 0
1756206811003 -0.020895421617997734 0
1756208892942 -0.020895421617997734 0
1756209359563 -0.020895421617997734 0
1756209397414 -0.020895421617997734 0
1756209818678 -0.020895421617997734 0
1756212803634 -0.003675388097765797 0
1756212824642 0.09672122337168865 0
1756212845090 0.09672122337168865 0
1756212866566 0.09672122337168865 0
1756213517498 0.09672122337168865 0
1756213809566 0.09672122337168865 0
1756213848477 0.09672122337168865 0
1756214054274 0.09672122337168865 0
