1756304111092 -53.04838745380518 0
1756304192556 -64.08345623394393 0
1756304215244 -64.08345623394393 0
1756304234780 -64.08345623394393 0
1756304787967 -64.08345623394393 0
1756304817263 -64.08345623394393 0
1756304834135 -64.08345623394393 0
1756304864632 -64.08345623394393 0
1756305264203 -64.08345623394393 0
1756305289898 -64.08345623394393 0
1756305296962 -64.08345623394393 0
1756305324308 -64.08345623394393 0
1756305816238 -38.70088151697841 0
1756305937556 -38.70088151697841 0
1756305953756 -38.70088151697841 0
1756306087173 -38.70088151697841 0
