1756304111092 6.501522231572301 0
1756304192556 6.545734322270439 0
1756304215244 6.545734322270439 0
1756304234780 6.545734322270439 0
1756304787967 6.545734322270439 0
1756304817263 6.545734322270439 0
1756304834135 6.545734322270439 0
1756304864632 6.545734322270439 0
1756305264203 6.545734322270439 0
1756305289898 6.545734322270439 0
1756305296962 6.545734322270439 0
1756305324308 6.545734322270439 0
1756305816238 5.645495720634813 0
1756305937556 5.645495720634813 0
1756305953756 5.645495720634813 0
1756306087173 5.645495720634813 0
