1756304111092 5.158304653899276 0
1756304192556 5.507594975704729 0
1756304215244 5.507594975704729 0
1756304234780 5.507594975704729 0
1756304787967 5.507594975704729 0
1756304817263 5.507594975704729 0
1756304834135 5.507594975704729 0
1756304864632 5.507594975704729 0
1756305264203 5.507594975704729 0
1756305289898 5.507594975704729 0
1756305296962 5.507594975704729 0
1756305324308 5.507594975704729 0
1756305816238 0.6411313244884873 0
1756305937556 0.6411313244884873 0
1756305953756 0.6411313244884873 0
1756306087173 0.6411313244884873 0
