1756304111092 0.35030505652578503 0
1756304192556 0.22943070465005222 0
1756304215244 0.22943070465005222 0
1756304234780 0.22943070465005222 0
1756304787967 0.22943070465005222 0
1756304817263 0.22943070465005222 0
1756304834135 0.22943070465005222 0
1756304864632 0.22943070465005222 0
1756305264203 0.22943070465005222 0
1756305289898 0.22943070465005222 0
1756305296962 0.22943070465005222 0
1756305324308 0.22943070465005222 0
1756305816238 0.988982292423978 0
1756305937556 0.988982292423978 0
1756305953756 0.988982292423978 0
1756306087173 0.988982292423978 0
