1756304111092 -42.96276255464462 0
1756304192556 -50.95589245467712 0
1756304215244 -50.95589245467712 0
1756304234780 -50.95589245467712 0
1756304787967 -50.95589245467712 0
1756304817263 -50.95589245467712 0
1756304834135 -50.95589245467712 0
1756304864632 -50.95589245467712 0
1756305264203 -50.95589245467712 0
1756305289898 -50.95589245467712 0
1756305296962 -50.95589245467712 0
1756305324308 -50.95589245467712 0
1756305816238 -0.7285744782834837 0
1756305937556 -0.7285744782834837 0
1756305953756 -0.7285744782834837 0
1756306087173 -0.7285744782834837 0
