1756290951656 -79.51258009782119 0
1756291025257 -79.51258009782119 0
1756291052988 -79.5125800978212 0
1756291075180 -102.10013736327024 0
1756291732292 -75.08470152620968 0
1756291760654 -75.08470152620968 0
1756291777009 -75.08470152620968 0
1756291807569 -75.08470152620968 0
1756292184430 -75.08470152620968 0
1756292213834 -75.08470152620968 0
1756292221663 -75.08470152620968 0
1756292252743 -75.08470152620968 0
1756292596554 -75.08470152620968 0
1756292709925 -75.08470152620968 0
1756292724481 -75.08470152620968 0
1756292843547 -75.08470152620968 0
