1756290951656 8.084887262236947 0
1756291025257 8.084887262236947 0
1756291052988 8.084887262236947 0
1756291075180 7.344894391503476 0
1756291732292 6.8850999999999996 0
1756291760654 6.8850999999999996 0
1756291777009 6.8850999999999996 0
1756291807569 6.8850999999999996 0
1756292184430 6.8850999999999996 0
1756292213834 6.8850999999999996 0
1756292221663 6.8850999999999996 0
1756292252743 6.8850999999999996 0
1756292596554 6.8850999999999996 0
1756292709925 6.8850999999999996 0
1756292724481 6.8850999999999996 0
1756292843547 6.8850999999999996 0
