1757077870449 95.151774251748 0
1757077937821 95.151774251748 0
1757077971942 94.68842755961388 0
1757078018773 92.26660556434638 0
1757078387787 90.50027950856082 0
1757078413116 90.82899590259673 0
1757078428245 90.82899590259673 0
1757078454170 90.82899590259673 0
1757078735268 90.82899590259673 0
1757078761319 90.82899590259673 0
1757078768967 90.82899590259673 0
1757078795531 90.82899590259673 0
1757079751236 92.48424610338714 0
1757079863018 92.48424610338714 0
1757079880103 92.48424610338714 0
1757080007607 92.48424610338714 0
