1756660545228 0.8483797272336566 0
1756660624667 0.806290852729245 0
1756660656711 0.806290852729245 0
1756660676615 0.8056294812968462 0
1756661310633 0.7437832562700588 0
1756661338691 0.7437832562700588 0
1756661355550 0.7437832562700588 0
1756661384226 0.7437832562700588 0
1756661766094 0.7437832562700588 0
1756661798719 0.7437832562700588 0
1756661805833 0.7437832562700588 0
1756661840396 0.7437832562700588 0
1756662164507 0.7437832562700588 0
1756662264474 0.7437832562700588 0
1756662281201 0.7437832562700588 0
1756662400074 0.7437832562700588 0
