1756660545228 0.730386988973257 0
1756660624667 0.7050476040745177 0
1756660656711 0.7050476040745177 0
1756660676615 0.7121884587708667 0
1756661310633 0.2807483660130719 0
1756661338691 0.2807483660130719 0
1756661355550 0.2807483660130719 0
1756661384226 0.2807483660130719 0
1756661766094 0.2807483660130719 0
1756661798719 0.2807483660130719 0
1756661805833 0.2807483660130719 0
1756661840396 0.2807483660130719 0
1756662164507 0.2807483660130719 0
1756662264474 0.2807483660130719 0
1756662281201 0.2807483660130719 0
1756662400074 0.2807483660130719 0
