1756660545228 0.32982560235910163 0
1756660624667 -0.013972257374633035 0
1756660656711 -0.013972257374633035 0
1756660676615 -0.00997574493049358 0
1756661310633 0.8416827557617947 0
1756661338691 0.8416827557617947 0
1756661355550 0.8416827557617947 0
1756661384226 0.8416827557617947 0
1756661766094 0.8416827557617947 0
1756661798719 0.8416827557617947 0
1756661805833 0.8416827557617947 0
1756661840396 0.8416827557617947 0
1756662164507 0.8416827557617947 0
1756662264474 0.8416827557617947 0
1756662281201 0.8416827557617947 0
1756662400074 0.8416827557617947 0
