1756660545264 4.810190243211539 0
1756660624711 4.034622317127696 0
1756660656757 4.034622317127696 0
1756660676671 4.112523503059836 0
1756661310850 4.052092373864078 0
1756661338951 4.052092373864078 0
1756661355822 4.052092373864078 0
1756661384466 4.052092373864078 0
1756661766465 4.052092373864078 0
1756661799107 4.052092373864078 0
1756661806223 4.052092373864078 0
1756661840806 4.052092373864078 0
1756662165054 4.052092373864078 0
1756662265082 4.052092373864078 0
1756662281772 4.052092373864078 0
1756662400743 4.052092373864078 0
1756663596412 4.052092373864078 0
1756663677209 4.052092373864078 0
1756663724859 4.052092373864078 0
1756663786157 4.052092373864078 0
1756664808026 4.052092373864078 0
1756665225284 4.052092373864078 0
1756665258971 4.052092373864078 0
1756665659328 4.052092373864078 0
1756670026306 4.052092373864078 0
1756670042755 4.052092373864078 0
1756670055799 4.052092373864078 0
1756670075394 4.052092373864078 0
1756670348019 4.052092373864078 0
1756670394555 4.052092373864078 0
1756670424406 4.052092373864078 0
1756670501911 4.052092373864078 0
