1756280725215 -0.0008220723590965142 0
1756280762790 -0.04482884809820055 0
1756280834185 -0.04482884809820055 0
1756280870888 -0.0006192676706080001 0
1756284931425 -0.0006192676706080001 0
1756285455116 -0.0002924970273242355 0
1756285491532 -0.0002924970273242355 0
1756285951573 -0.00029357951276910455 0
1756286266064 -0.00029357951276910455 0
1756286285324 -0.00029357951276910455 0
1756286303186 -0.00029357951276910455 0
1756286335868 -0.00029357951276910455 0
1756287099357 -0.00029357951276910455 0
1756287158635 -0.00029357951276910455 0
1756287179654 -0.00029357951276910455 0
1756287269279 -0.00029357951276910455 0
