1756280725215 0.02467566349164054 0
1756280762790 0.02764837489580783 0
1756280834185 0.02764837489580783 0
1756280870888 0.018552882810869673 0
1756284931425 0.018552882810869673 0
1756285455116 0.010130110714900392 0
1756285491532 0.010130110714900392 0
1756285951573 0.0103436780838309 0
1756286266064 0.0103436780838309 0
1756286285324 0.0103436780838309 0
1756286303186 0.0103436780838309 0
1756286335868 0.0103436780838309 0
1756287099357 0.0103436780838309 0
1756287158635 0.0103436780838309 0
1756287179654 0.0103436780838309 0
1756287269279 0.0103436780838309 0
