1756595630815 5.696492190040114 0
1756595708664 5.696492190040114 0
1756595738012 5.696492190040114 0
1756595760857 4.742969311558596 0
1756596328502 4.742969311558596 0
1756596355754 4.742969311558596 0
1756596371148 4.742969311558596 0
1756596398927 4.742969311558596 0
1756596769036 4.742969311558596 0
1756596801135 4.742969311558596 0
1756596807859 4.742969311558596 0
1756596841736 4.742969311558596 0
1756597168533 4.742969311558596 0
1756597276324 4.742969311558596 0
1756597292007 4.742969311558596 0
1756597419915 4.742969311558596 0
