1756595630815 3.8444626720917663 0
1756595708664 3.8444626720917663 0
1756595738012 3.8444626720917663 0
1756595760857 3.8535592512715295 0
1756596328502 3.8535592512715295 0
1756596355754 3.8535592512715295 0
1756596371148 3.8535592512715295 0
1756596398927 3.8535592512715295 0
1756596769036 3.8535592512715295 0
1756596801135 3.8535592512715295 0
1756596807859 3.8535592512715295 0
1756596841736 3.8535592512715295 0
1756597168533 3.8535592512715295 0
1756597276324 3.8535592512715295 0
1756597292007 3.8535592512715295 0
1756597419915 3.8535592512715295 0
