1756595630815 23.535996334005645 0
1756595708664 23.535996334005645 0
1756595738012 23.535996334005645 0
1756595760857 24.357203469592243 0
1756596328502 24.357203469592243 0
1756596355754 24.357203469592243 0
1756596371148 24.357203469592243 0
1756596398927 24.357203469592243 0
1756596769036 24.357203469592243 0
1756596801135 24.357203469592243 0
1756596807859 24.357203469592243 0
1756596841736 24.357203469592243 0
1756597168533 24.357203469592243 0
1756597276324 24.357203469592243 0
1756597292007 24.357203469592243 0
1756597419915 24.357203469592243 0
