1756304258781 45.55561294034607 0
1756304338707 46.21341208523154 0
1756304362773 46.21341208523154 0
1756304385152 34.90241625183408 0
1756304882985 34.90241625183408 0
1756304917747 34.90241625183408 0
1756304937526 34.90241625183408 0
1756304972512 34.90241625183408 0
1756305331400 34.90241625183408 0
1756305362943 34.90241625183408 0
1756305370059 34.90241625183408 0
1756305403267 34.90241625183408 0
1756306103679 34.90241625183408 0
1756306231926 40.99753099668658 0
1756306248808 40.99753099668658 0
1756306394170 40.99753099668658 0
