1756304258781 1.6036706123586157 0
1756304338707 7.665643247338892 0
1756304362773 7.665643247338892 0
1756304385152 6.642176640192591 0
1756304882985 6.642176640192591 0
1756304917747 6.642176640192591 0
1756304937526 6.642176640192591 0
1756304972512 6.642176640192591 0
1756305331400 6.642176640192591 0
1756305362943 6.642176640192591 0
1756305370059 6.642176640192591 0
1756305403267 6.642176640192591 0
1756306103679 6.642176640192591 0
1756306231926 6.02892953677504 0
1756306248808 6.02892953677504 0
1756306394170 6.02892953677504 0
