1756972955233 223.5339450098408 0
1756973021727 59.479428720279095 0
1756973058996 59.479428720279095 0
1756973116956 41.58056656661295 0
1756973817300 41.58056656661295 0
1756973845318 41.58056656661295 0
1756973861106 41.58056656661295 0
1756973889961 41.58056656661295 0
1756974247843 41.58056656661295 0
1756974275450 41.58056656661295 0
1756974282993 41.58056656661295 0
1756974310806 41.58056656661295 0
1756974830386 41.58056656661295 0
1756974970006 41.58056656661295 0
1756974987875 41.58056656661295 0
1756975150185 41.58056656661295 0
1756976440520 41.58056656661295 0
1756976502842 41.58056656661295 0
1756976532199 41.58056656661295 0
1756976604997 41.58056656661295 0
1756978759813 41.58056656661295 0
1756979246564 41.58056656661295 0
1756979287155 41.58056656661295 0
1756979610880 41.58056656661295 0
1756982438506 41.58056656661295 0
1756982455145 41.58056656661295 0
1756982469395 41.58056656661295 0
1756982487648 41.58056656661295 0
1756983003607 41.58056656661295 0
1756983164900 41.58056656661295 0
1756983201256 41.58056656661295 0
1756983407909 41.58056656661295 0
