1756972955233 100.13181212275613 0
1756973021727 29.375571349123565 0
1756973058996 29.375571349123565 0
1756973116956 19.57427872240626 0
1756973817300 19.57427872240626 0
1756973845318 19.57427872240626 0
1756973861106 19.57427872240626 0
1756973889961 19.57427872240626 0
1756974247843 19.57427872240626 0
1756974275450 19.57427872240626 0
1756974282993 19.57427872240626 0
1756974310806 19.57427872240626 0
1756974830386 19.57427872240626 0
1756974970006 19.57427872240626 0
1756974987875 19.57427872240626 0
1756975150185 19.57427872240626 0
1756976440520 19.57427872240626 0
1756976502842 19.57427872240626 0
1756976532199 19.57427872240626 0
1756976604997 19.57427872240626 0
1756978759813 19.57427872240626 0
1756979246564 19.57427872240626 0
1756979287155 19.57427872240626 0
1756979610880 19.57427872240626 0
1756982438506 19.57427872240626 0
1756982455145 19.57427872240626 0
1756982469395 19.57427872240626 0
1756982487648 19.57427872240626 0
1756983003607 19.57427872240626 0
1756983164900 19.57427872240626 0
1756983201256 19.57427872240626 0
1756983407909 19.57427872240626 0
