1756972955233 -19.29941184808924 0
1756973021727 -1.0887809992580153 0
1756973058996 -1.0887809992580153 0
1756973116956 -0.0013755545623435061 0
1756973817300 -0.0013755545623435061 0
1756973845318 -0.0013755545623435061 0
1756973861106 -0.0013755545623435061 0
1756973889961 -0.0013755545623435061 0
1756974247843 -0.0013755545623435061 0
1756974275450 -0.0013755545623435061 0
1756974282993 -0.0013755545623435061 0
1756974310806 -0.0013755545623435061 0
1756974830386 -0.0013755545623435061 0
1756974970006 -0.0013755545623435061 0
1756974987875 -0.0013755545623435061 0
1756975150185 -0.0013755545623435061 0
1756976440520 -0.0013755545623435061 0
1756976502842 -0.0013755545623435061 0
1756976532199 -0.0013755545623435061 0
1756976604997 -0.0013755545623435061 0
1756978759813 -0.0013755545623435061 0
1756979246564 -0.0013755545623435061 0
1756979287155 -0.0013755545623435061 0
1756979610880 -0.0013755545623435061 0
1756982438506 -0.0013755545623435061 0
1756982455145 -0.0013755545623435061 0
1756982469395 -0.0013755545623435061 0
1756982487648 -0.0013755545623435061 0
1756983003607 -0.0013755545623435061 0
1756983164900 -0.0013755545623435061 0
1756983201256 -0.0013755545623435061 0
1756983407909 -0.0013755545623435061 0
