1756463224208 -0.10375192099227663 0
1756463288608 -0.10375192099227663 0
1756463316271 -0.10368544156871026 0
1756463374019 -0.10368544156871026 0
1756464314119 -0.10154856425061236 0
1756464799888 -0.10154856425061236 0
1756464833515 -0.10146837475341457 0
1756465296451 -0.10146837475341457 0
1756468936703 -0.10146837475341457 0
1756468951920 -0.10146837475341457 0
1756468964473 -0.10146837475341457 0
1756468981358 -0.10146837475341457 0
1756469231246 -0.10002419633702972 0
1756469292059 -0.10002419633702972 0
1756469315916 -0.10002419633702972 0
1756469419532 -0.10002419633702972 0
