1756989612602 -2.293354166807638 0
1756989687950 -2.265995183484306 0
1756989716887 -2.265995183484306 0
1756989737404 -0.9016172759969863 0
1756990209887 -0.9016172759969863 0
1756990239966 -0.9016172759969863 0
1756990256227 -0.9016172759969863 0
1756990286854 -0.9016172759969863 0
1756990615684 -0.9092615864527627 0
1756990648348 -0.9092615864527627 0
1756990656889 -0.9092615864527627 0
1756990691830 -0.9092615864527627 0
1756991462319 -0.9092615864527627 0
1756991588996 -0.9092615864527627 0
1756991609050 -0.9092615864527627 0
1756991754606 -0.9092615864527627 0
