1756330553839 -0.13996605893303582 0
1756330595397 0.004104410315141971 0
1756330644293 0.004104410315141971 0
1756330780925 0.004104410315141971 0
1756334464840 0.004104410315141971 0
1756334779119 0.004104410315141971 0
1756334811142 0.004104410315141971 0
1756335220947 0.004104410315141971 0
1756335466782 0.004104410315141971 0
1756335485207 0.004104410315141971 0
1756335498657 0.004104410315141971 0
1756335518067 0.004104410315141971 0
1756336996537 0.004104410315141971 0
1756337055103 0.004104410315141971 0
1756337083354 0.004104410315141971 0
1756337212441 0.004104410315141971 0
