1756674208235 0.6112185004191877 0
1756674260044 0.6112185004191877 0
1756674282373 0.6112185004191877 0
1756674303085 0.5347370783573191 0
1756674742386 0.49356023609535493 0
1756674771537 0.49356023609535493 0
1756674787346 0.49356023609535493 0
1756674816273 0.49356023609535493 0
1756675150668 0.49356023609535493 0
1756675178135 0.49356023609535493 0
1756675185355 0.49356023609535493 0
1756675218278 0.49356023609535493 0
1756675890408 0.49356023609535493 0
1756676008294 0.49356023609535493 0
1756676024604 0.49356023609535493 0
1756676159751 0.49356023609535493 0
