1756674208235 19.69869809177934 0
1756674260044 19.69869809177934 0
1756674282373 19.69869809177934 0
1756674303085 16.932337923817418 0
1756674742386 15.359022511215745 0
1756674771537 15.359022511215745 0
1756674787346 15.359022511215745 0
1756674816273 15.359022511215745 0
1756675150668 15.359022511215745 0
1756675178135 15.359022511215745 0
1756675185355 15.359022511215745 0
1756675218278 15.359022511215745 0
1756675890408 15.359022511215745 0
1756676008294 15.359022511215745 0
1756676024604 15.359022511215745 0
1756676159751 15.359022511215745 0
