1756674208235 0.4809112113864325 0
1756674260044 0.4809112113864325 0
1756674282373 0.4809112113864325 0
1756674303085 0.7016357447891871 0
1756674742386 0.2606610446710564 0
1756674771537 0.2606610446710564 0
1756674787346 0.2606610446710564 0
1756674816273 0.2606610446710564 0
1756675150668 0.2606610446710564 0
1756675178135 0.2606610446710564 0
1756675185355 0.2606610446710564 0
1756675218278 0.2606610446710564 0
1756675890408 0.2606610446710564 0
1756676008294 0.2606610446710564 0
1756676024604 0.2606610446710564 0
1756676159751 0.2606610446710564 0
