1755897565419 6.608996933044788 0
1755898712541 6.608996933044788 0
1755898777403 6.604928645461027 0
1755899207306 5.794926216464848 0
1755905672772 5.794926216464848 0
1755906464836 5.794926216464848 0
1755906522400 5.794926216464848 0
1755907320784 5.794926216464848 0
1755914278005 5.794926216464848 0
1755914301075 5.794926216464848 0
1755914321307 5.794926216464848 0
1755914348085 5.794926216464848 0
1755914745812 5.794926216464848 0
1755915126732 5.794926216464848 0
1755915165604 5.794926216464848 0
1755915501462 5.794926216464848 0
