1755897565419 14.959636277358074 0
1755898712541 14.959636277358074 0
1755898777403 14.947542656527304 0
1755899207306 13.463830673512641 0
1755905672772 13.463830673512641 0
1755906464836 13.463830673512641 0
1755906522400 13.463830673512641 0
1755907320784 13.463830673512641 0
1755914278005 13.463830673512641 0
1755914301075 13.463830673512641 0
1755914321307 13.463830673512641 0
1755914348085 13.463830673512641 0
1755914745812 13.463830673512641 0
1755915126732 13.463830673512641 0
1755915165604 13.463830673512641 0
1755915501462 13.463830673512641 0
