1756460541864 0.4423248143285441 0
1756460606683 0.4423248143285441 0
1756460634432 0.4423248143285439 0
1756460655774 0.4423248143285439 0
1756461117508 0.4423248143285439 0
1756461146010 0.4423248143285439 0
1756461161548 0.4423248143285439 0
1756461190248 0.4423248143285439 0
1756461517406 0.4423248143285439 0
1756461544259 0.4602380952380951 0
1756461551080 0.4602380952380951 0
1756461579602 0.4602380952380951 0
1756462301234 0.4602380952380951 0
1756462427454 0.4602380952380951 0
1756462444586 0.4602380952380951 0
1756462593859 0.4602380952380951 0
1756463673066 0.4602380952380951 0
1756463749478 0.4602380952380951 0
1756463795251 0.450435889441456 0
1756463864362 0.450435889441456 0
1756466468227 0.450435889441456 0
1756466865860 0.450435889441456 0
1756466901633 0.450435889441456 0
1756467316176 0.450435889441456 0
1756469053867 0.450435889441456 0
1756469068565 0.450435889441456 0
1756469081992 0.450435889441456 0
1756469098359 0.450435889441456 0
1756469675584 0.450435889441456 0
1756469738278 0.450435889441456 0
1756469761707 0.450435889441456 0
1756469856272 0.450435889441456 0
