1756460541864 0.16129066519328022 0
1756460606683 0.16129066519328022 0
1756460634432 0.16129066519327948 0
1756460655774 0.16129066519327948 0
1756461117508 0.16129066519327948 0
1756461146010 0.16129066519327948 0
1756461161548 0.16129066519327948 0
1756461190248 0.16129066519327948 0
1756461517406 0.16129066519327948 0
1756461544259 0.028295508982035925 0
1756461551080 0.028295508982035925 0
1756461579602 0.028295508982035925 0
1756462301234 0.028295508982035925 0
1756462427454 0.028295508982035925 0
1756462444586 0.028295508982035925 0
1756462593859 0.028295508982035925 0
1756463673066 0.028295508982035925 0
1756463749478 0.028295508982035925 0
