1756460541864 -0.07985132189773281 0
1756460606683 -0.07985132189773281 0
1756460634432 -0.0798513218977277 0
1756460655774 -0.0798513218977277 0
1756461117508 -0.0798513218977277 0
1756461146010 -0.0798513218977277 0
1756461161548 -0.0798513218977277 0
1756461190248 -0.0798513218977277 0
1756461517406 -0.0798513218977277 0
1756461544259 0.8105597571849207 0
1756461551080 0.8105597571849207 0
1756461579602 0.8105597571849207 0
1756462301234 0.8105597571849207 0
1756462427454 0.8105597571849207 0
1756462444586 0.8105597571849207 0
1756462593859 0.8105597571849207 0
1756463673066 0.8105597571849207 0
1756463749478 0.8105597571849207 0
