1755539711542 4.8137007264304605 0
1755540833956 4.8137007264304605 0
1755540893877 4.813700726430466 0
1755541037885 4.813700726430466 0
1755545421427 2.556166821782796 0
1755545479734 4.402152441375677 0
1755545513314 4.402152441375677 0
1755545573269 4.402152441375677 0
1755546281203 4.402152441375677 0
1755546327875 4.402152441375677 0
1755546340215 4.402152441375677 0
1755546390767 4.402152441375677 0
1755549557411 4.402152441375677 0
1755550829771 4.402152441375677 0
1755550889048 4.402152441375677 0
1755552264819 4.402152441375677 0
