1755539711542 -23.17171468363714 0
1755540833956 -23.17171468363714 0
1755540893877 -23.171714683637195 0
1755541037885 -23.171714683637195 0
1755545421427 -6.533988820783161 0
1755545479734 -19.378946117109837 0
1755545513314 -19.378946117109837 0
1755545573269 -19.378946117109837 0
1755546281203 -19.378946117109837 0
1755546327875 -19.378946117109837 0
1755546340215 -19.378946117109837 0
1755546390767 -19.378946117109837 0
1755549557411 -19.378946117109837 0
1755550829771 -19.378946117109837 0
1755550889048 -19.378946117109837 0
1755552264819 -19.378946117109837 0
