1756727597431 -0.47478589780582137 0
1756727642527 -0.6725379812392969 0
1756727662944 -0.6725379812392969 0
1756727684400 -0.3791846923993524 0
1756728060743 -0.3791846923993524 0
1756728090050 -0.3791846923993524 0
1756728106100 -0.3791846923993524 0
1756728136477 -0.3791846923993524 0
1756728454007 -0.3791846923993524 0
1756728490447 -0.3791846923993524 0
1756728498661 -0.3791846923993524 0
1756728537012 -0.3791846923993524 0
1756729711765 -0.3893219803992758 0
1756729823024 -0.3893219803992758 0
1756729841732 -0.3893219803992758 0
1756729971029 -0.3893219803992758 0
