1756727597431 0.7240212179712241 0
1756727642527 0.6224637095880924 0
1756727662944 0.6224637095880924 0
1756727684400 0.5453793550289002 0
1756728060743 0.5453793550289002 0
1756728090050 0.5453793550289002 0
1756728106100 0.5453793550289002 0
1756728136477 0.5453793550289002 0
1756728454007 0.5453793550289002 0
1756728490447 0.5453793550289002 0
1756728498661 0.5453793550289002 0
1756728537012 0.5453793550289002 0
1756729711765 0.5239852320520502 0
1756729823024 0.5239852320520502 0
1756729841732 0.5239852320520502 0
1756729971029 0.5239852320520502 0
