1757540835820 -232.1799359466787 0
1757540919754 -2.921123286682795 0
1757540956531 -2.921123286682795 0
1757541015894 -0.005307843182215999 0
1757541599169 -0.005307843182215999 0
1757541628758 0.03903544327807307 0
1757541644803 0.03903544327807307 0
1757541674883 0.03903544327807307 0
1757541991949 0.03903544327807307 0
1757542022239 0.03903544327807307 0
1757542029798 0.03903544327807307 0
1757542061694 0.03903544327807307 0
1757542764627 0.03903544327807307 0
1757542895603 0.07896106614314691 0
1757542912842 0.07896106614314691 0
1757543060683 0.07896106614314691 0
1757544322841 0.07896106614314691 0
1757544366916 0.07896106614314691 0
1757544457077 0.07896106614314691 0
1757544590417 0.07896106614314691 0
1757546677174 0.07896106614314691 0
1757547201547 0.08144930458618393 0
1757547239346 0.08144930458618393 0
1757547675570 0.08268254081126092 0
1757549426992 0.08268254081126092 0
1757549443255 0.08268254081126092 0
1757549456047 0.08268254081126092 0
1757549470856 0.08268254081126092 0
1757550321107 0.08268254081126092 0
1757550435379 0.08268254081126092 0
1757550468540 0.08268254081126092 0
1757550686621 0.13975547361873975 0
