1757540835820 185.01223180322467 0
1757540919754 11.374009678386912 0
1757540956531 11.374009678386912 0
1757541015894 12.009598739992354 0
1757541599169 12.009598739992354 0
1757541628758 8.32610467920719 0
1757541644803 8.32610467920719 0
1757541674883 8.32610467920719 0
1757541991949 8.32610467920719 0
1757542022239 8.32610467920719 0
1757542029798 8.32610467920719 0
1757542061694 8.32610467920719 0
1757542764627 8.32610467920719 0
1757542895603 8.764358930798002 0
1757542912842 8.764358930798002 0
1757543060683 8.764358930798002 0
1757544322841 8.764358930798002 0
1757544366916 8.764358930798002 0
1757544457077 8.764358930798002 0
1757544590417 8.764358930798002 0
1757546677174 8.764358930798002 0
