1757540835820 -236.3660195757566 0
1757540919754 0.10289175137330309 0
1757540956531 0.10289175137330309 0
1757541015894 -0.0001719195568683496 0
1757541599169 -0.0001719195568683496 0
1757541628758 0.5192698104652771 0
1757541644803 0.5192698104652771 0
1757541674883 0.5192698104652771 0
1757541991949 0.5192698104652771 0
1757542022239 0.5192698104652771 0
1757542029798 0.5192698104652771 0
1757542061694 0.5192698104652771 0
1757542764627 0.5192698104652771 0
1757542895603 0.4673303247815821 0
1757542912842 0.4673303247815821 0
1757543060683 0.4673303247815821 0
1757544322841 0.4673303247815821 0
1757544366916 0.4673303247815821 0
1757544457077 0.4673303247815821 0
1757544590417 0.4673303247815821 0
1757546677174 0.4673303247815821 0
