1757540835820 184.61521446971057 0
1757540919754 8.335678304764546 0
1757540956531 8.335678304764546 0
1757541015894 9.689094579097661 0
1757541599169 9.689094579097661 0
1757541628758 6.8322404078263155 0
1757541644803 6.8322404078263155 0
1757541674883 6.8322404078263155 0
1757541991949 6.8322404078263155 0
1757542022239 6.8322404078263155 0
1757542029798 6.8322404078263155 0
1757542061694 6.8322404078263155 0
1757542764627 6.8322404078263155 0
1757542895603 6.937487418191475 0
1757542912842 6.937487418191475 0
1757543060683 6.937487418191475 0
1757544322841 6.937487418191475 0
1757544366916 6.937487418191475 0
1757544457077 6.937487418191475 0
1757544590417 6.937487418191475 0
1757546677174 6.937487418191475 0
