1756278000064 -0.006058809881496149 0
1756278048343 -0.006058809881496149 0
1756278090744 -0.006058809881496149 0
1756278111207 -0.00029723896854052465 0
1756278488126 -0.00026306296191130294 0
1756278516551 -0.00026306296191130294 0
1756278530966 -0.00026306296191130294 0
1756278557798 -0.00026306296191130294 0
1756278883735 -0.00026306296191130294 0
1756278914713 -0.00026306296191130294 0
1756278924130 -0.00026306296191130294 0
1756278960341 -0.00026306296191130294 0
1756279725657 -0.00026306296191130294 0
1756279796491 -0.0003067354763002199 0
1756279813285 -0.0003067354763002199 0
1756279900490 -0.0003067354763002199 0
