1756330257532 13.182794888381592 0
1756330328156 13.035741170942481 0
1756330364771 12.99922780402346 0
1756330520319 12.99922780402346 0
1756333692313 11.047392111929657 0
1756334056516 11.047392111929657 0
1756334078768 11.047392111929657 0
1756334432324 11.047392111929657 0
1756335409771 11.047392111929657 0
1756335425064 11.047392111929657 0
1756335438414 11.047392111929657 0
1756335453845 11.047392111929657 0
1756336659081 11.047392111929657 0
1756336725743 11.047392111929657 0
1756336760097 11.047392111929657 0
1756336966157 10.750867477255785 0
