1756993777401 5.314469819662056 0
1756993892018 5.034765376478519 0
1756993982174 4.885959215418181 0
1756994074208 4.885959215418181 0
1756998483105 4.885959215418181 0
1756998847714 4.672588398818743 0
1756998887547 4.672588398818743 0
1756999316108 4.672588398818743 0
1756999641379 4.672588398818743 0
1756999661545 4.672588398818743 0
1756999680719 4.672588398818743 0
1756999698848 4.672588398818743 0
1757000832097 4.672588398818743 0
1757000893354 4.672588398818743 0
1757000920003 4.672588398818743 0
1757001011627 4.672588398818743 0
