1756993777401 -0.16054982609003776 0
1756993892018 -0.0719918220350908 0
1756993982174 -0.024225921863852973 0
1756994074208 -0.024225921863852973 0
1756998483105 -0.024225921863852973 0
1756998847714 0.008871466554063567 0
1756998887547 0.008871466554063567 0
1756999316108 0.008871466554063567 0
1756999641379 0.008871466554063567 0
1756999661545 0.008871466554063567 0
1756999680719 0.008871466554063567 0
1756999698848 0.008871466554063567 0
1757000832097 0.008871466554063567 0
1757000893354 0.008871466554063567 0
1757000920003 0.008871466554063567 0
1757001011627 0.008871466554063567 0
