1757409272910 -25957.994299270365 0
1757409296028 -26316.728686494433 0
1757409317582 -26370.63332836911 0
1757409343790 -26379.039139747067 0
1757409726246 -26379.039139747067 0
1757410122716 -26379.039139747067 0
1757410156278 -26379.039139747067 0
1757410619832 -26379.039139747067 0
1757415706032 -26468.404664230573 0
1757415728978 -26468.404664230573 0
1757415743093 -26468.278125123208 0
1757415771479 -26468.278125123208 0
1757416138103 -26468.278125123208 0
1757416203134 -26468.278125123208 0
1757416242766 -26468.278125123208 0
1757416376888 -26468.278125123208 0
