1757409272910 10.033522705088279 0
1757409296028 4.452924917469879 0
1757409317582 3.948486003581033 0
1757409343790 2.226100190889538 0
1757409726246 2.226100190889538 0
1757410122716 2.226100190889538 0
1757410156278 2.226100190889538 0
1757410619832 2.226100190889538 0
1757415706032 0.6576185208977957 0
1757415728978 0.6576185208977957 0
1757415743093 0.6537527458110893 0
1757415771479 0.6537527458110893 0
1757416138103 0.6537527458110893 0
1757416203134 0.6537527458110893 0
1757416242766 0.6537527458110893 0
1757416376888 0.6537527458110893 0
