1757318980536 -62.9586292025386 0
1757319035835 -62.9586292025386 0
1757319061255 -62.9586292025386 0
1757319086346 -62.9586292025386 0
1757319622191 -38.440859264393936 0
1757319651830 -38.76943385527516 0
1757319669700 -38.76943385527516 0
1757319699756 -38.76943385527516 0
1757320040922 -38.76943385527516 0
1757320065840 -38.76943385527516 0
1757320073298 -38.76943385527516 0
1757320099787 -38.76943385527516 0
1757320643799 -38.76943385527516 0
1757320791770 -42.55628675929673 0
1757320809680 -42.55628675929673 0
1757320974913 -42.55628675929673 0
1757322276621 -42.55628675929673 0
1757322303316 -42.55628675929673 0
1757322340680 -42.55628675929673 0
1757322447985 -42.55628675929673 0
1757324021253 -38.42129191059026 0
1757324471032 -38.42129191059026 0
1757324511462 -38.42129191059026 0
1757324996566 -38.42129191059026 0
1757327679427 -38.42129191059026 0
1757327702250 -38.42129191059026 0
1757327717659 -38.42129191059026 0
1757327736538 -38.42129191059026 0
1757328307291 -38.42129191059026 0
1757328406555 -38.42129191059026 0
1757328438692 -38.42129191059026 0
1757328565789 -38.42129191059026 0
