1757318980536 6.279447976795816 0
1757319035835 6.279447976795816 0
1757319061255 6.279447976795816 0
1757319086346 6.279447976795816 0
1757319622191 5.238059523809527 0
1757319651830 5.527089662881752 0
1757319669700 5.527089662881752 0
1757319699756 5.527089662881752 0
1757320040922 5.527089662881752 0
1757320065840 5.527089662881752 0
1757320073298 5.527089662881752 0
1757320099787 5.527089662881752 0
1757320643799 5.527089662881752 0
1757320791770 5.42871197291783 0
1757320809680 5.42871197291783 0
1757320974913 5.42871197291783 0
1757322276621 5.42871197291783 0
1757322303316 5.42871197291783 0
1757322340680 5.42871197291783 0
1757322447985 5.42871197291783 0
1757324021253 4.997469455254596 0
1757324471032 4.997469455254596 0
1757324511462 4.997469455254596 0
1757324996566 4.997469455254596 0
1757327679427 4.997469455254596 0
1757327702250 4.997469455254596 0
1757327717659 4.997469455254596 0
1757327736538 4.997469455254596 0
1757328307291 4.997469455254596 0
1757328406555 4.997469455254596 0
1757328438692 4.997469455254596 0
1757328565789 4.997469455254596 0
