1757318980536 0.1984880332449308 0
1757319035835 0.1984880332449308 0
1757319061255 0.1984880332449308 0
1757319086346 0.1984880332449308 0
1757319622191 0.37736818307385067 0
1757319651830 0.38369062648732843 0
1757319669700 0.38369062648732843 0
1757319699756 0.38369062648732843 0
1757320040922 0.38369062648732843 0
1757320065840 0.38369062648732843 0
1757320073298 0.38369062648732843 0
1757320099787 0.38369062648732843 0
1757320643799 0.38369062648732843 0
1757320791770 0.39534743683979445 0
1757320809680 0.39534743683979445 0
1757320974913 0.39534743683979445 0
1757322276621 0.39534743683979445 0
1757322303316 0.39534743683979445 0
1757322340680 0.39534743683979445 0
1757322447985 0.39534743683979445 0
1757324021253 0.4404880323589866 0
1757324471032 0.4404880323589866 0
1757324511462 0.4404880323589866 0
1757324996566 0.4404880323589866 0
1757327679427 0.4404880323589866 0
1757327702250 0.4404880323589866 0
1757327717659 0.4404880323589866 0
1757327736538 0.4404880323589866 0
1757328307291 0.4404880323589866 0
1757328406555 0.4404880323589866 0
1757328438692 0.4404880323589866 0
1757328565789 0.4404880323589866 0
