1757318980536 5.017277956423477 0
1757319035835 5.017277956423477 0
1757319061255 5.017277956423477 0
1757319086346 5.017277956423477 0
1757319622191 2.434893259514109 0
1757319651830 4.228499726692771 0
1757319669700 4.228499726692771 0
1757319699756 4.228499726692771 0
1757320040922 4.228499726692771 0
1757320065840 4.228499726692771 0
1757320073298 4.228499726692771 0
1757320099787 4.228499726692771 0
1757320643799 4.228499726692771 0
1757320791770 0.4521665988957492 0
1757320809680 0.4521665988957492 0
1757320974913 0.4521665988957492 0
1757322276621 0.4521665988957492 0
1757322303316 0.4521665988957492 0
1757322340680 0.4521665988957492 0
1757322447985 0.4521665988957492 0
