1757318980536 0.6210271863842962 0
1757319035835 0.6210271863842962 0
1757319061255 0.6210271863842962 0
1757319086346 0.6210271863842962 0
1757319622191 0.910745198623268 0
1757319651830 0.7308190343779948 0
1757319669700 0.7308190343779948 0
1757319699756 0.7308190343779948 0
1757320040922 0.7308190343779948 0
1757320065840 0.7308190343779948 0
1757320073298 0.7308190343779948 0
1757320099787 0.7308190343779948 0
1757320643799 0.7308190343779948 0
1757320791770 0.9969219994749534 0
1757320809680 0.9969219994749534 0
1757320974913 0.9969219994749534 0
1757322276621 0.9969219994749534 0
1757322303316 0.9969219994749534 0
1757322340680 0.9969219994749534 0
1757322447985 0.9969219994749534 0
