1757077547101 52.36567668336348 0
1757077609009 46.40147279199516 0
1757077638416 46.40147279199516 0
1757077680254 11.658448416727914 0
1757078212028 11.658448416727914 0
1757078242230 11.658448416727914 0
1757078259528 11.658448416727914 0
1757078288967 11.658448416727914 0
1757078595677 11.658448416727914 0
1757078623972 11.658448416727914 0
1757078631261 11.658448416727914 0
1757078661365 11.658448416727914 0
1757079252485 11.658448416727914 0
1757079354814 11.658448416727914 0
1757079371401 11.658448416727914 0
1757079495931 11.658448416727914 0
