1756716676877 2.2259475556344457 0
1756716733412 2.2259475556344457 0
1756716755261 2.2259475556344457 0
1756716774583 1.6962384827716703 0
1756717145513 1.6962384827716703 0
1756717173196 1.6962384827716703 0
1756717190172 1.6962384827716703 0
1756717217814 1.6962384827716703 0
1756717505193 1.6962384827716703 0
1756717529798 1.6962384827716703 0
1756717537790 1.6962384827716703 0
1756717564320 1.6962384827716703 0
1756718750035 1.6962384827716703 0
1756718859194 1.6962384827716703 0
1756718875106 1.6962384827716703 0
1756719001071 1.6962384827716703 0
