1756716676877 3.173722001025704 0
1756716733412 3.173722001025704 0
1756716755261 3.173722001025704 0
1756716774583 2.811609163495357 0
1756717145513 2.811609163495357 0
1756717173196 2.811609163495357 0
1756717190172 2.811609163495357 0
1756717217814 2.811609163495357 0
1756717505193 2.811609163495357 0
1756717529798 2.811609163495357 0
1756717537790 2.811609163495357 0
1756717564320 2.811609163495357 0
1756718750035 2.811609163495357 0
1756718859194 2.811609163495357 0
1756718875106 2.811609163495357 0
1756719001071 2.811609163495357 0
