1756716676877 -0.10668312690144477 0
1756716733412 -0.10668312690144477 0
1756716755261 -0.10668312690144477 0
1756716774583 0.019586334380836457 0
1756717145513 0.019586334380836457 0
1756717173196 0.019586334380836457 0
1756717190172 0.019586334380836457 0
1756717217814 0.019586334380836457 0
1756717505193 0.019586334380836457 0
1756717529798 0.019586334380836457 0
1756717537790 0.019586334380836457 0
1756717564320 0.019586334380836457 0
1756718750035 0.019586334380836457 0
1756718859194 0.019586334380836457 0
1756718875106 0.019586334380836457 0
1756719001071 0.019586334380836457 0
