1756727157025 -1.1910153589487957 0
1756727211801 -0.781001677334245 0
1756727236115 -0.781001677334245 0
1756727255420 -0.008296673581958292 0
1756727700133 -0.008296673581958292 0
1756727727574 -0.008296673581958292 0
1756727742836 -0.008296673581958292 0
1756727770888 -0.008296673581958292 0
1756728143641 -0.008296673581958292 0
1756728172431 -0.008296673581958292 0
1756728179356 -0.008296673581958292 0
1756728209067 -0.008296673581958292 0
1756728552889 -0.008296673581958292 0
1756728660175 -0.008296673581958292 0
1756728676510 -0.008296673581958292 0
1756728800091 -0.008296673581958292 0
