1756727157025 0.7378647657893995 0
1756727211801 0.6652520566306486 0
1756727236115 0.6652520566306486 0
1756727255420 0.5005508795374238 0
1756727700133 0.5005508795374238 0
1756727727574 0.5005508795374238 0
1756727742836 0.5005508795374238 0
1756727770888 0.5005508795374238 0
1756728143641 0.5005508795374238 0
1756728172431 0.5005508795374238 0
1756728179356 0.5005508795374238 0
1756728209067 0.5005508795374238 0
1756728552889 0.5005508795374238 0
1756728660175 0.5005508795374238 0
1756728676510 0.5005508795374238 0
1756728800091 0.5005508795374238 0
