1756989905391 1.1137610405349012 0
1756989969560 0.9926560477951569 0
1756989998923 0.9926560477951569 0
1756990020253 0.7492140569819471 0
1756990392059 0.7492140569819471 0
1756990419394 0.7498026315789468 0
1756990435701 0.7498026315789468 0
1756990463799 0.7498026315789468 0
1756990769567 0.7498026315789468 0
1756990797229 0.7498026315789468 0
1756990805431 0.7498026315789468 0
1756990837899 0.7498026315789468 0
1756992079196 0.7498026315789468 0
1756992205140 0.7498026315789468 0
1756992226410 0.7498026315789468 0
1756992368157 0.7498026315789468 0
1756993779986 0.7498026315789468 0
1756993893975 0.7498026315789468 0
1756993984654 0.7498026315789468 0
1756994076117 0.7498026315789468 0
1756998485240 0.7498026315789468 0
1756998849742 0.7339866349137956 0
1756998889536 0.7339866349137956 0
1756999317561 0.7339866349137956 0
1756999643434 0.7339866349137956 0
1756999663491 0.7339866349137956 0
1756999682684 0.7339866349137956 0
1756999699894 0.7339866349137956 0
1757000834117 0.7339866349137956 0
1757000895471 0.7339866349137956 0
1757000922420 0.7339866349137956 0
1757001012574 0.7339866349137956 0
