1756989905391 0.6590449419605356 0
1756989969560 0.2938280587044554 0
1756989998923 0.2938280587044554 0
1756990020253 0.5022444001965425 0
1756990392059 0.5022444001965425 0
1756990419394 0.37510596026490023 0
1756990435701 0.37510596026490023 0
1756990463799 0.37510596026490023 0
1756990769567 0.37510596026490023 0
1756990797229 0.37510596026490023 0
1756990805431 0.37510596026490023 0
1756990837899 0.37510596026490023 0
1756992079196 0.37510596026490023 0
1756992205140 0.37510596026490023 0
1756992226410 0.37510596026490023 0
1756992368157 0.37510596026490023 0
1756993779986 0.37510596026490023 0
1756993893975 0.37510596026490023 0
1756993984654 0.37510596026490023 0
1756994076117 0.37510596026490023 0
1756998485240 0.37510596026490023 0
