1756368679436 -0.024057214932959085 0
1756368723833 -0.03425433404229705 0
1756368766883 -0.03425433404229705 0
1756368800193 -0.030561223563601126 0
1756371314041 -0.030561223563601126 0
1756371951857 -0.030561223563601126 0
1756371989466 -0.030561223563601126 0
1756372572886 -0.030561223563601126 0
1756374813678 -0.030561223563601126 0
1756374829793 -0.030561223563601126 0
1756374843319 -0.030561223563601126 0
1756374859417 -0.030561223563601126 0
1756375362790 -0.030561223563601126 0
1756375409485 -0.030561223563601126 0
1756375432501 -0.030561223563601126 0
1756375519452 -0.030561223563601126 0
