1755570072726 0.010032992303241062 0
1755570798801 0.010032992303241062 0
1755570854595 0.010032992303241062 0
1755571373560 0.010032992303241062 0
1755578632408 0.010032992303241062 0
1755579444559 0.010032992303241062 0
1755579526352 0.010032992303241062 0
1755580754948 0.010032992303241062 0
1755581148306 0.010032992303241062 0
1755581171242 0.010032992303241062 0
1755581195112 0.010032992303241062 0
1755581220322 0.010032992303241062 0
1755585125687 0.010032992303241062 0
1755585696640 0.010032992303241062 0
1755585755132 0.010032992303241062 0
1755586316621 0.010032992303241062 0
