1756222074551 81.96530041323845 0
1756222144749 34.525994614581755 0
1756222172412 34.525994614581755 0
1756222210870 13.806262958850919 0
1756222748391 13.806262958850919 0
1756222781922 13.806262958850919 0
1756222799358 13.806262958850919 0
1756222830196 13.806262958850919 0
1756223165572 13.806262958850919 0
1756223199235 13.806262958850919 0
1756223206939 13.806262958850919 0
1756223241806 13.806262958850919 0
1756223965682 13.806262958850919 0
1756224087742 13.806262958850919 0
1756224105092 13.806262958850919 0
1756224253341 13.806262958850919 0
