1756222074551 -53.66982707991712 0
1756222144749 -8.79712237150597 0
1756222172412 -8.79712237150597 0
1756222210870 -0.15658075817447492 0
1756222748391 -0.15658075817447492 0
1756222781922 -0.15658075817447492 0
1756222799358 -0.15658075817447492 0
1756222830196 -0.15658075817447492 0
1756223165572 -0.15658075817447492 0
1756223199235 -0.15658075817447492 0
1756223206939 -0.15658075817447492 0
1756223241806 -0.15658075817447492 0
1756223965682 -0.15658075817447492 0
1756224087742 -0.15658075817447492 0
1756224105092 -0.15658075817447492 0
1756224253341 -0.15658075817447492 0
