1756222074551 109.44100779510856 0
1756222144749 46.32927455174974 0
1756222172412 46.32927455174974 0
1756222210870 15.918209453150357 0
1756222748391 15.918209453150357 0
1756222781922 15.918209453150357 0
1756222799358 15.918209453150357 0
1756222830196 15.918209453150357 0
1756223165572 15.918209453150357 0
1756223199235 15.918209453150357 0
1756223206939 15.918209453150357 0
1756223241806 15.918209453150357 0
1756223965682 15.918209453150357 0
1756224087742 15.918209453150357 0
1756224105092 15.918209453150357 0
1756224253341 15.918209453150357 0
