1756222074551 -5735.823922553254 0
1756222144749 -20391.60636121986 0
1756222172412 -20391.60636121986 0
1756222210870 -22276.79176880016 0
1756222748391 -22276.79176880016 0
1756222781922 -22276.79176880016 0
1756222799358 -22276.79176880016 0
1756222830196 -22276.79176880016 0
1756223165572 -22276.79176880016 0
1756223199235 -22276.79176880016 0
1756223206939 -22276.79176880016 0
1756223241806 -22276.79176880016 0
1756223965682 -22276.79176880016 0
1756224087742 -22276.79176880016 0
1756224105092 -22276.79176880016 0
1756224253341 -22276.79176880016 0
