1756307372980 -0.1339995360832582 0
1756307409529 -0.06407162409818534 0
1756307458402 -0.06407162409818534 0
1756307513077 -0.0031386341731138856 0
1756310000297 -0.0031386341731138856 0
1756310553172 0.0682079041637722 0
1756310588561 0.0682079041637722 0
1756311127703 0.0682079041637722 0
1756313035454 0.0682079041637722 0
1756313057598 0.0682079041637722 0
1756313077343 0.0682079041637722 0
1756313098700 0.0682079041637722 0
1756314241442 0.0682079041637722 0
1756314333178 0.0682079041637722 0
1756314369268 0.0682079041637722 0
1756314483868 0.0682079041637722 0
