1756556178217 -51.06389809914026 0
1756556250218 -51.06389809914026 0
1756556326395 -51.06389809914026 0
1756556390089 -51.06389809914026 0
1756559196344 -51.06389809914026 0
1756559727988 -51.06389809914026 0
1756559766124 -51.06389809914026 0
1756560328773 -51.06389809914026 0
1756562265274 -51.06389809914026 0
1756562282550 -51.06389809914026 0
1756562295612 -51.06389809914026 0
1756562312160 -55.52604599987643 0
1756563124742 -55.52604599987643 0
1756563265016 -55.52604599987643 0
1756563294391 -55.52604599987643 0
1756563422013 -55.52604599987643 0
