1756633343775 9.445454458335393 0
1756633413055 8.75848886119095 0
1756633441712 8.75848886119095 0
1756633468247 8.75848886119095 0
1756634110613 8.566246099970785 0
1756634138015 8.566246099970785 0
1756634153041 8.566246099970785 0
1756634181235 8.566246099970785 0
1756634553526 8.566246099970785 0
1756634583344 8.566246099970785 0
1756634590268 8.566246099970785 0
1756634621273 8.566246099970785 0
1756634935594 8.566246099970785 0
1756635043358 8.566246099970785 0
1756635059850 8.566246099970785 0
1756635186132 8.566246099970785 0
1756636461914 8.566246099970785 0
1756636627016 8.566246099970785 0
1756636669184 8.566246099970785 0
1756636786851 8.566246099970785 0
1756637823021 8.562612521549239 0
1756638225280 8.562612521549239 0
1756638261525 8.560144011668843 0
1756638668149 8.560144011668843 0
1756643238433 8.560144011668843 0
1756643254205 8.560144011668843 0
1756643269817 8.560144011668843 0
1756643289992 8.560144011668843 0
1756643590678 8.560144011668843 0
1756643696780 8.560144011668843 0
1756643734286 8.560144011668843 0
1756643822392 8.560144011668843 0
