1757406731468 148.07363971882998 0
1757406798465 148.07363971882998 0
1757406825525 148.07363971882995 0
1757406844814 148.07363971882995 0
1757407350941 148.07363971882995 0
1757407385037 148.07363971882995 0
1757407402187 148.07363971882995 0
1757407436999 148.07363971882995 0
1757407884777 148.07363971882995 0
1757407933217 148.07363971882995 0
1757407941227 148.07363971882995 0
1757407991614 148.07363971882995 0
1757408552845 148.07363971882995 0
1757408620139 148.07363971882995 0
1757408636049 148.07363971882995 0
1757408721048 148.07363971882995 0
1757409364258 148.07363971882995 0
1757409382166 148.07363971882995 0
1757409399577 148.07363971882995 0
1757409424694 148.07363971882995 0
