1757063070003 -294086.73195688415 0
1757063133135 -347486.25763242814 0
1757063198821 -347486.25763242814 0
1757063441859 -347486.25763242814 0
1757065297343 -261876.25787208072 0
1757065748381 -261876.25787208072 0
1757065781210 -261876.25787208072 0
1757066192431 -261876.25787208072 0
1757068707754 -261876.25787208072 0
1757068724710 -261876.25787208072 0
1757068739981 -261876.25787208072 0
1757068758161 -261876.25787208072 0
1757069283162 -261876.25787208072 0
1757069392619 -261876.25787208072 0
1757069422590 -261876.25787208072 0
1757069572094 -261876.25787208072 0
