1757063070003 -0.13955589233964605 0
1757063133135 0.032552706386571595 0
1757063198821 0.032552706386571595 0
1757063441859 0.032552706386571595 0
1757065297343 0.04850603953162058 0
1757065748381 0.04850603953162058 0
1757065781210 0.04850603953162058 0
1757066192431 0.04850603953162058 0
1757068707754 0.04850603953162058 0
1757068724710 0.04850603953162058 0
1757068739981 0.04850603953162058 0
1757068758161 0.04850603953162058 0
1757069283162 0.04850603953162058 0
1757069392619 0.04850603953162058 0
1757069422590 0.04850603953162058 0
1757069572094 0.04850603953162058 0
