1756738774094 1.6581342002251016 0
1756738851386 1.6581342002251016 0
1756738884455 1.6581342002251003 0
1756738907946 1.3658639813559728 0
1756739294812 1.3658639813559728 0
1756739324386 1.3658639813559728 0
1756739340881 1.3658639813559728 0
1756739370611 1.3658639813559728 0
1756739693287 1.3566157894736843 0
1756739720537 1.3566157894736843 0
1756739728402 1.3566157894736843 0
1756739756481 1.3566157894736843 0
1756740923275 1.3566157894736843 0
1756741042968 1.3566157894736843 0
1756741063791 1.3566157894736843 0
1756741203437 1.3566157894736843 0
