1756738774094 -0.3626815339858682 0
1756738851386 -0.3626815339858682 0
1756738884455 -0.36268153398586667 0
1756738907946 -0.025661559129130485 0
1756739294812 -0.025661559129130485 0
1756739324386 -0.025661559129130485 0
1756739340881 -0.025661559129130485 0
1756739370611 -0.025661559129130485 0
1756739693287 0.05116257609750019 0
1756739720537 0.05116257609750019 0
1756739728402 0.05116257609750019 0
1756739756481 0.05116257609750019 0
1756740923275 0.05116257609750019 0
1756741042968 0.05116257609750019 0
1756741063791 0.05116257609750019 0
1756741203437 0.05116257609750019 0
