1756738774094 -2.341387135762618 0
1756738851386 -2.341387135762618 0
1756738884455 -2.341387135762613 0
1756738907946 -1.8058349040988164 0
1756739294812 -1.8058349040988164 0
1756739324386 -1.8058349040988164 0
1756739340881 -1.8058349040988164 0
1756739370611 -1.8058349040988164 0
1756739693287 -1.2011808204635763 0
1756739720537 -1.2011808204635763 0
1756739728402 -1.2011808204635763 0
1756739756481 -1.2011808204635763 0
1756740923275 -1.2011808204635763 0
1756741042968 -1.2011808204635763 0
1756741063791 -1.2011808204635763 0
1756741203437 -1.2011808204635763 0
