1757062711872 -332059.2555327704 0
1757062863625 -332059.2555327704 0
1757062903501 -349674.76311299234 0
1757062985112 -349674.76311299234 0
1757064373118 -349674.76311299234 0
1757064763609 -349674.76311299234 0
1757064799860 -349674.76311299234 0
1757065258368 -349674.76311299234 0
1757068639990 -349674.76311299234 0
1757068655615 -349674.76311299234 0
1757068671850 -349674.76311299234 0
1757068691196 -349674.76311299234 0
1757068992893 -349674.76311299234 0
1757069075026 -349674.76311299234 0
1757069104691 -349674.76311299234 0
1757069247000 -349674.76311299234 0
