1756989905201 1.1137610405349012 0
1756989969351 0.9926560477951569 0
1756989998717 0.9926560477951569 0
1756990020029 0.7492140569819471 0
1756990391701 0.7492140569819471 0
1756990419029 0.7498026315789468 0
1756990435321 0.7498026315789468 0
1756990463413 0.7498026315789468 0
1756990768962 0.7498026315789468 0
1756990796674 0.7498026315789468 0
1756990804886 0.7498026315789468 0
1756990837276 0.7498026315789468 0
1756992078416 0.7498026315789468 0
1756992203389 0.7498026315789468 0
1756992224151 0.7498026315789468 0
1756992366306 0.7498026315789468 0
