1756989905201 -0.6119045706592614 0
1756989969351 -0.31162503275107656 0
1756989998717 -0.31162503275107656 0
1756990020029 -0.014813076213151977 0
1756990391701 -0.014813076213151977 0
1756990419029 -0.002268224759648163 0
1756990435321 -0.002268224759648163 0
1756990463413 -0.002268224759648163 0
1756990768962 -0.002268224759648163 0
1756990796674 -0.002268224759648163 0
1756990804886 -0.002268224759648163 0
1756990837276 -0.002268224759648163 0
1756992078416 -0.002268224759648163 0
1756992203389 -0.002268224759648163 0
1756992224151 -0.002268224759648163 0
1756992366306 -0.002268224759648163 0
