1756989905201 -0.6897649338770608 0
1756989969351 0.570300717021426 0
1756989998717 0.570300717021426 0
1756990020029 -8.269562299867417e-05 0
1756990391701 -8.269562299867417e-05 0
1756990419029 0.41725814502183733 0
1756990435321 0.41725814502183733 0
1756990463413 0.41725814502183733 0
1756990768962 0.41725814502183733 0
1756990796674 0.41725814502183733 0
1756990804886 0.41725814502183733 0
1756990837276 0.41725814502183733 0
1756992078416 0.41725814502183733 0
1756992203389 0.41725814502183733 0
1756992224151 0.41725814502183733 0
1756992366306 0.41725814502183733 0
