1756304549089 6.579654834380206 0
1756304632171 6.956093692367796 0
1756304656667 6.956093692367796 0
1756304677034 8.020395615744844 0
1756305095426 8.020395615744844 0
1756305127077 8.020395615744844 0
1756305145412 8.020395615744844 0
1756305177254 8.020395615744844 0
1756305479077 8.020395615744844 0
1756305504504 8.020395615744844 0
1756305511921 8.020395615744844 0
1756305538946 8.020395615744844 0
1756306708230 8.020395615744844 0
1756306819708 6.083259610070514 0
1756306837185 6.083259610070514 0
1756306973104 6.083259610070514 0
