1756677102190 0.4920648410588897 0
1756677142985 0.4920648410588897 0
1756677184737 0.4920648410588897 0
1756677220459 0.4920648410588897 0
1756679623346 0.4920648410588897 0
1756679987406 0.4920648410588897 0
1756680022004 0.4920648410588897 0
1756680430970 0.4920648410588897 0
1756682458097 0.4920648410588897 0
1756682473864 0.4920648410588897 0
1756682487307 0.4920648410588897 0
1756682503360 0.4920648410588897 0
1756683038338 0.4920648410588897 0
1756683086147 0.4920648410588897 0
1756683110374 0.4920648410588897 0
1756683206383 0.4920648410588897 0
