1756633975330 -72.60596611258845 0
1756634041289 -72.60596611258845 0
1756634067699 -72.60596611258845 0
1756634095223 -50.73222168775506 0
1756634472300 -47.783488370744166 0
1756634501350 -47.783488370744166 0
1756634517416 -47.783488370744166 0
1756634546720 -47.783488370744166 0
1756634854738 -47.783488370744166 0
1756634882098 -47.783488370744166 0
1756634889925 -47.783488370744166 0
1756634919229 -47.783488370744166 0
1756636137101 -47.783488370744166 0
1756636253234 -47.783488370744166 0
1756636270270 -47.783488370744166 0
1756636403645 -47.783488370744166 0
1756637613358 -47.783488370744166 0
1756637676314 -47.783488370744166 0
1756637754599 -47.783488370744166 0
1756637791642 -47.783488370744166 0
1756641973319 -47.783488370744166 0
1756642658120 -51.71807642080104 0
1756642692836 -51.71807642080104 0
1756643223136 -51.68153689450848 0
1756643503403 -51.68153689450848 0
1756643521439 -51.68153689450848 0
1756643534934 -51.68153689450848 0
1756643552477 -51.68153689450848 0
1756645003869 -51.68153689450848 0
1756645100232 -51.68153689450848 0
1756645130573 -51.68153689450848 0
1756645229149 -48.75377021037459 0
