1756365869178 -0.05706915035078521 0
1756365900639 -0.0586678778069783 0
1756365918038 -0.0586678778069783 0
1756365938565 -0.02854681337122946 0
1756366365900 -0.02854681337122946 0
1756366394010 -0.02854681337122946 0
1756366408847 -0.02854681337122946 0
1756366437502 -0.02854681337122946 0
1756366780883 -0.02854681337122946 0
1756366810986 -0.02854681337122946 0
1756366817984 -0.02854681337122946 0
1756366848626 -0.02854681337122946 0
1756367308943 -0.02854681337122946 0
1756367414419 -0.02854681337122946 0
1756367429395 -0.02854681337122946 0
1756367551796 -0.02854681337122946 0
1756368522500 -0.02854681337122946 0
