1756365869178 0.25641738051026747 0
1756365900639 0.16063237764636162 0
1756365918038 0.16063237764636162 0
1756365938565 0.12544999218661915 0
1756366365900 0.12544999218661915 0
1756366394010 0.12544999218661915 0
1756366408847 0.12544999218661915 0
1756366437502 0.12544999218661915 0
1756366780883 0.12544999218661915 0
1756366810986 0.12544999218661915 0
1756366817984 0.12544999218661915 0
1756366848626 0.12544999218661915 0
1756367308943 0.12544999218661915 0
1756367414419 0.12544999218661915 0
1756367429395 0.12544999218661915 0
1756367551796 0.12544999218661915 0
1756368522500 0.12544999218661915 0
1756368560272 0.11896378105181761 0
1756368605570 0.11896378105181761 0
1756368642780 0.11348249823935379 0
1756370101204 0.11348249823935379 0
1756370705104 0.11348249823935379 0
1756370736706 0.11348249823935379 0
1756371282305 0.11348249823935379 0
1756374750949 0.11348249823935379 0
1756374769433 0.11348249823935379 0
1756374782731 0.11431027966742252 0
1756374801214 0.11431027966742252 0
1756375180686 0.11577089748921851 0
1756375234814 0.11577089748921851 0
1756375257738 0.11577089748921851 0
1756375343772 0.11577089748921851 0
