1756365869178 168.86861038898456 0
1756365900639 106.82107281480238 0
1756365918038 106.82107281480238 0
1756365938565 80.14108661744211 0
1756366365900 80.14108661744211 0
1756366394010 80.14108661744211 0
1756366408847 80.14108661744211 0
1756366437502 80.14108661744211 0
1756366780883 80.14108661744211 0
1756366810986 80.14108661744211 0
1756366817984 80.14108661744211 0
1756366848626 80.14108661744211 0
1756367308943 80.14108661744211 0
1756367414419 80.14108661744211 0
1756367429395 80.14108661744211 0
1756367551796 80.14108661744211 0
1756368522500 80.14108661744211 0
1756368560272 74.50892576670329 0
1756368605570 74.50892576670329 0
1756368642780 63.169265793454564 0
1756370101204 63.169265793454564 0
1756370705104 63.169265793454564 0
1756370736706 63.169265793454564 0
1756371282305 63.169265793454564 0
1756374750949 63.169265793454564 0
1756374769433 63.169265793454564 0
1756374782731 79.18327539669002 0
1756374801214 79.18327539669002 0
1756375180686 82.24334316482552 0
1756375234814 82.24334316482552 0
1756375257738 82.24334316482552 0
1756375343772 82.24334316482552 0
