1756738117547 1.3156176508980413 0
1756738198564 1.8005994875527578 0
1756738232528 1.8005994875527578 0
1756738255372 1.8005994875527578 0
1756738924008 0.4681532970127672 0
1756738952148 0.4681532970127672 0
1756738967855 0.4681532970127672 0
1756738995693 0.4681532970127672 0
1756739378133 0.4681532970127672 0
1756739408452 0.4681532970127672 0
1756739416534 0.4681532970127672 0
1756739447414 0.4681532970127672 0
1756739773530 0.4681532970127672 0
1756739877002 0.4681532970127672 0
1756739893444 0.4681532970127672 0
1756740014994 0.4681532970127672 0
1756741280142 0.4681532970127672 0
1756741370928 0.4681532970127672 0
1756741413175 0.4681532970127672 0
1756741508724 0.4681532970127672 0
1756742663539 0.4681532970127672 0
1756742992541 0.4681532970127672 0
1756743030697 0.4681532970127672 0
1756743373701 0.4681532970127672 0
1756764741433 0.4681532970127672 0
1756764755925 0.4681532970127672 0
1756764768247 0.4681532970127672 0
1756764783598 0.4681532970127672 0
1756765030111 0.4681532970127672 0
1756765119632 0.4681532970127672 0
1756765145252 0.4681532970127672 0
1756765235213 0.4681532970127672 0
