1756716304675 1.6003958188296739 0
1756716362584 1.4470936272216965 0
1756716384614 1.4470936272216965 0
1756716404179 1.37933256602429 0
1756716875361 1.37933256602429 0
1756716903482 1.37933256602429 0
1756716918870 1.37933256602429 0
1756716947126 1.37933256602429 0
1756717293555 1.37933256602429 0
1756717319104 1.37933256602429 0
1756717326156 1.37933256602429 0
1756717352610 1.37933256602429 0
1756717856228 1.3899400665646509 0
1756717993121 1.3857538132440477 0
1756718009895 1.3857538132440477 0
1756718160035 1.3857538132440477 0
