1756716304675 1.3417845086944395 0
1756716362584 1.576471209845938 0
1756716384614 1.576471209845938 0
1756716404179 1.3464326423271211 0
1756716875361 1.3464326423271211 0
1756716903482 1.3464326423271211 0
1756716918870 1.3464326423271211 0
1756716947126 1.3464326423271211 0
1756717293555 1.3464326423271211 0
1756717319104 1.3464326423271211 0
1756717326156 1.3464326423271211 0
1756717352610 1.3464326423271211 0
1756717856228 0.2988180487330367 0
1756717993121 0.9094070200803802 0
1756718009895 0.9094070200803802 0
1756718160035 0.9094070200803802 0
