1756479222808 -69.71819139544004 0
1756479291253 -69.71819139544004 0
1756479347345 -69.71819139544004 0
1756479444560 -69.71819139544004 0
1756481099845 -64.62364178985169 0
1756481491201 -78.01110810847088 0
1756481526132 -78.01110810847088 0
1756482001268 -78.01110810847088 0
1756484868009 -78.01110810847088 0
1756484883124 -78.01110810847088 0
1756484898495 -78.01110810847088 0
1756484916477 -78.01110810847088 0
1756485533577 -78.01110810847088 0
1756485629678 -79.23524707640294 0
1756485662976 -79.23524707640294 0
1756485812761 -79.31452697889574 0
