1756479222808 8.966010624257109 0
1756479291253 8.966010624257109 0
1756479347345 8.966010624257109 0
1756479444560 8.966010624257109 0
1756481099845 8.597721573086634 0
1756481491201 8.484011837798352 0
1756481526132 8.484011837798352 0
1756482001268 8.484011837798352 0
1756484868009 8.484011837798352 0
1756484883124 8.484011837798352 0
1756484898495 8.484011837798352 0
1756484916477 8.484011837798352 0
1756485533577 8.484011837798352 0
1756485629678 8.480773600546966 0
1756485662976 8.480773600546966 0
1756485812761 8.326966265069577 0
