1757406989243 -21.69602728656295 0
1757407055375 -21.69602728656295 0
1757407081999 -21.69602728656295 0
1757407100206 -21.69602728656295 0
1757407568564 -21.69602728656295 0
1757407606834 -21.69602728656295 0
1757407625704 -21.69602728656295 0
1757407662630 -21.69602728656295 0
1757408151440 -21.69602728656295 0
1757408200882 -21.69602728656295 0
1757408209439 -21.69602728656295 0
1757408259927 -21.69602728656295 0
1757408918654 -21.69602728656295 0
1757408978497 -21.69602728656295 0
1757408994295 -21.69602728656295 0
1757409072972 -21.69602728656295 0
