1757406989243 3.734104673748759 0
1757407055375 3.734104673748759 0
1757407081999 3.734104673748759 0
1757407100206 3.734104673748759 0
1757407568564 3.734104673748759 0
1757407606834 3.734104673748759 0
1757407625704 3.734104673748759 0
1757407662630 3.734104673748759 0
1757408151440 3.734104673748759 0
1757408200882 3.734104673748759 0
1757408209439 3.734104673748759 0
1757408259927 3.734104673748759 0
1757408918654 3.734104673748759 0
1757408978497 3.734104673748759 0
1757408994295 3.734104673748759 0
1757409072972 3.734104673748759 0
