1757406989243 160.3078846178888 0
1757407055375 160.3078846178888 0
1757407081999 160.3078846178888 0
1757407100206 160.3078846178888 0
1757407568564 160.3078846178888 0
1757407606834 160.3078846178888 0
1757407625704 160.3078846178888 0
1757407662630 160.3078846178888 0
1757408151440 160.3078846178888 0
1757408200882 160.3078846178888 0
1757408209439 160.3078846178888 0
1757408259927 160.3078846178888 0
1757408918654 160.3078846178888 0
1757408978497 160.3078846178888 0
1757408994295 160.3078846178888 0
1757409072972 160.3078846178888 0
