1756911845672 37.04815782718116 0
1756911903266 37.04815782718116 0
1756911927573 37.04815782718115 0
1756911953180 37.04815782718115 0
1756912385654 37.04815782718115 0
1756912415495 37.04815782718115 0
1756912431857 37.04815782718115 0
1756912463172 37.04815782718115 0
1756912799147 37.04815782718115 0
1756912829262 37.04815782718115 0
1756912836926 37.04815782718115 0
1756912871026 37.04815782718115 0
1756913619191 37.04815782718115 0
1756913725522 37.04815782718115 0
1756913742898 37.04815782718115 0
1756913868022 37.04815782718115 0
