1756911845672 1.2865007905528187 0
1756911903266 1.2865007905528187 0
1756911927573 1.2865007905528183 0
1756911953180 1.2865007905528183 0
1756912385654 1.2865007905528183 0
1756912415495 1.2865007905528183 0
1756912431857 1.2865007905528183 0
1756912463172 1.2865007905528183 0
1756912799147 1.2865007905528183 0
1756912829262 1.2865007905528183 0
1756912836926 1.2865007905528183 0
1756912871026 1.2865007905528183 0
1756913619191 1.2865007905528183 0
1756913725522 1.2865007905528183 0
1756913742898 1.2865007905528183 0
1756913868022 1.2865007905528183 0
