1756911845672 -3.9708380372307683 0
1756911903266 -3.9708380372307683 0
1756911927573 -3.9708380372307683 0
1756911953180 -3.9708380372307683 0
1756912385654 -3.9708380372307683 0
1756912415495 -3.9708380372307683 0
1756912431857 -3.9708380372307683 0
1756912463172 -3.9708380372307683 0
1756912799147 -3.9708380372307683 0
1756912829262 -3.9708380372307683 0
1756912836926 -3.9708380372307683 0
1756912871026 -3.9708380372307683 0
1756913619191 -3.9708380372307683 0
1756913725522 -3.9708380372307683 0
1756913742898 -3.9708380372307683 0
1756913868022 -3.9708380372307683 0
