1756661165115 -3.87344604700066 0
1756661248161 -3.452422117917311 0
1756661273833 -3.452422117917311 0
1756661294513 -1.3198134962539185 0
1756661685255 -1.3198134962539185 0
1756661713820 -1.3198134962539185 0
1756661730194 -1.3198134962539185 0
1756661758911 -1.3198134962539185 0
1756662082895 -1.3198134962539185 0
1756662110727 -1.3198134962539185 0
1756662118282 -1.3198134962539185 0
1756662147634 -1.3198134962539185 0
1756663300849 -1.2833490963046632 0
1756663411858 -1.2833490963046632 0
1756663429835 -1.2833490963046632 0
1756663559007 -1.2833490963046632 0
