1756552561729 5.249632828319731 0
1756552633398 5.249632828319731 0
1756552658267 5.34167476563084 0
1756552683430 5.34167476563084 0
1756553297395 5.34167476563084 0
1756553324798 5.34167476563084 0
1756553340241 5.34167476563084 0
1756553368997 5.34167476563084 0
1756553740263 5.34167476563084 0
1756553769736 5.34167476563084 0
1756553776347 5.34167476563084 0
1756553807138 5.34167476563084 0
1756554132981 5.34167476563084 0
1756554236398 5.367677459716797 0
1756554251451 5.367677459716797 0
1756554376204 5.367677459716797 0
1756555638157 5.367677459716797 0
1756555731558 5.367677459716797 0
1756555786018 5.367677459716797 0
1756555844904 5.367677459716797 0
1756557033452 5.367677459716797 0
1756557462118 5.367677459716797 0
1756557498855 5.367677459716797 0
1756558027878 5.367677459716797 0
1756562141962 5.367677459716797 0
1756562156090 5.367677459716797 0
1756562169931 5.367677459716797 0
1756562185832 5.367677459716797 0
1756562478445 5.367677459716797 0
1756562584105 5.367677459716797 0
1756562608002 5.367677459716797 0
1756562719014 5.367677459716797 0
