1756552561729 -0.03133823591914431 0
1756552633398 -0.03133823591914431 0
1756552658267 0.03943242321346374 0
1756552683430 0.03943242321346374 0
1756553297395 0.03943242321346374 0
1756553324798 0.03943242321346374 0
1756553340241 0.03943242321346374 0
1756553368997 0.03943242321346374 0
1756553740263 0.03943242321346374 0
1756553769736 0.03943242321346374 0
1756553776347 0.03943242321346374 0
1756553807138 0.03943242321346374 0
1756554132981 0.03943242321346374 0
1756554236398 0.19204262889263246 0
1756554251451 0.19204262889263246 0
1756554376204 0.19204262889263246 0
1756555638157 0.19204262889263246 0
1756555731558 0.19204262889263246 0
1756555786018 0.19204262889263246 0
1756555844904 0.19204262889263246 0
1756557033452 0.19204262889263246 0
1756557462118 0.19204262889263246 0
1756557498855 0.19204262889263246 0
1756558027878 0.19204262889263246 0
1756562141962 0.19204262889263246 0
1756562156090 0.19204262889263246 0
1756562169931 0.19204262889263246 0
1756562185832 0.19204262889263246 0
1756562478445 0.19204262889263246 0
1756562584105 0.19204262889263246 0
1756562608002 0.19204262889263246 0
1756562719014 0.19204262889263246 0
