1756552561729 6.522606811672242 0
1756552633398 6.522606811672242 0
1756552658267 6.294838636161406 0
1756552683430 6.294838636161406 0
1756553297395 6.294838636161406 0
1756553324798 6.294838636161406 0
1756553340241 6.294838636161406 0
1756553368997 6.294838636161406 0
1756553740263 6.294838636161406 0
1756553769736 6.294838636161406 0
1756553776347 6.294838636161406 0
1756553807138 6.294838636161406 0
1756554132981 6.294838636161406 0
1756554236398 5.773176881359222 0
1756554251451 5.773176881359222 0
1756554376204 5.773176881359222 0
1756555638157 5.773176881359222 0
1756555731558 5.773176881359222 0
1756555786018 5.773176881359222 0
1756555844904 5.773176881359222 0
1756557033452 5.773176881359222 0
1756557462118 5.773176881359222 0
1756557498855 5.773176881359222 0
1756558027878 5.773176881359222 0
1756562141962 5.773176881359222 0
1756562156090 5.773176881359222 0
1756562169931 5.773176881359222 0
1756562185832 5.773176881359222 0
1756562478445 5.773176881359222 0
1756562584105 5.773176881359222 0
1756562608002 5.773176881359222 0
1756562719014 5.773176881359222 0
