1756552561729 5.298292169841368 0
1756552633398 5.298292169841368 0
1756552658267 4.869451916483554 0
1756552683430 4.869451916483554 0
1756553297395 4.869451916483554 0
1756553324798 4.869451916483554 0
1756553340241 4.869451916483554 0
1756553368997 4.869451916483554 0
1756553740263 4.869451916483554 0
1756553769736 4.869451916483554 0
1756553776347 4.869451916483554 0
1756553807138 4.869451916483554 0
1756554132981 4.869451916483554 0
1756554236398 4.583050988069766 0
1756554251451 4.583050988069766 0
1756554376204 4.583050988069766 0
1756555638157 4.583050988069766 0
1756555731558 4.583050988069766 0
1756555786018 4.583050988069766 0
1756555844904 4.583050988069766 0
1756557033452 4.583050988069766 0
1756557462118 4.583050988069766 0
1756557498855 4.583050988069766 0
1756558027878 4.583050988069766 0
1756562141962 4.583050988069766 0
1756562156090 4.583050988069766 0
1756562169931 4.583050988069766 0
1756562185832 4.583050988069766 0
1756562478445 4.583050988069766 0
1756562584105 4.583050988069766 0
1756562608002 4.583050988069766 0
1756562719014 4.583050988069766 0
