1756727483231 0.35389949246235836 0
1756727537405 0.4387483048584508 0
1756727557693 0.4387483048584508 0
1756727577320 0.4387483048584508 0
1756727969595 0.2143255978730462 0
1756727998830 0.2143255978730462 0
1756728014938 0.2143255978730462 0
1756728044858 0.2143255978730462 0
1756728376569 0.2143255978730462 0
1756728406712 0.2143255978730462 0
1756728414141 0.2143255978730462 0
1756728446739 0.2143255978730462 0
1756729414516 0.2143255978730462 0
1756729534532 0.2143255978730462 0
1756729552427 0.2143255978730462 0
1756729694883 0.2143255978730462 0
1756730512533 0.2143255978730462 0
1756730544547 0.2143255978730462 0
1756730580683 0.2143255978730462 0
1756730640846 0.2143255978730462 0
