1757544322011 -0.24271074676332915 0
1757544366088 -0.24271074676332915 0
1757544456245 -0.2286608134562138 0
1757544589482 -0.00241939252092771 0
1757546675407 -0.00241939252092771 0
1757547200644 0.08144930458618393 0
1757547238465 0.08144930458618393 0
1757547674712 0.08268254081126092 0
1757549426122 0.08268254081126092 0
1757549442031 0.08268254081126092 0
1757549455143 0.08268254081126092 0
1757549469958 0.08268254081126092 0
1757550319521 0.08268254081126092 0
1757550433427 0.08268254081126092 0
1757550466997 0.08268254081126092 0
1757550684657 0.13975547361873975 0
