1757544322011 13.437187501420706 0
1757544366088 13.437187501420706 0
1757544456245 13.36101199547416 0
1757544589482 12.068355094181877 0
1757546675407 12.068355094181877 0
1757547200644 11.55247175669814 0
1757547238465 11.55247175669814 0
1757547674712 11.544714040174775 0
1757549426122 11.544714040174775 0
1757549442031 11.544714040174775 0
1757549455143 11.544714040174775 0
1757549469958 11.544714040174775 0
1757550319521 11.544714040174775 0
1757550433427 11.544714040174775 0
1757550466997 11.544714040174775 0
1757550684657 11.179807076843119 0
