1756824084644 4.517743360614124 0
1756824139718 3.517175534895815 0
1756824192602 3.5783344294376414 0
1756824362851 3.5783344294376414 0
1756826098706 3.5783344294376414 0
1756826438165 3.5783344294376414 0
1756826480382 3.5783344294376414 0
1756826925603 3.5783344294376414 0
1756831066191 3.5783344294376414 0
1756831084742 3.5783344294376414 0
1756831101984 3.5783344294376414 0
1756831125602 3.5783344294376414 0
1756831478676 3.5783344294376414 0
1756831675668 3.5783344294376414 0
1756831719565 3.5783344294376414 0
1756831874748 3.5783344294376414 0
