1756824084644 7.582605908299845 0
1756824139718 6.206264915011767 0
1756824192602 5.6022532091141315 0
1756824362851 5.6022532091141315 0
1756826098706 5.6022532091141315 0
1756826438165 5.6022532091141315 0
1756826480382 5.6022532091141315 0
1756826925603 5.6022532091141315 0
1756831066191 5.6022532091141315 0
1756831084742 5.6022532091141315 0
1756831101984 5.6022532091141315 0
1756831125602 5.6022532091141315 0
1756831478676 5.6022532091141315 0
1756831675668 5.6022532091141315 0
1756831719565 5.6022532091141315 0
1756831874748 5.6022532091141315 0
