1755543828299 10.179567366792588 0
1755544997732 10.179567366792588 0
1755545057384 10.179567366792588 0
1755545200294 9.869194886860262 0
1755545998816 9.869194886860262 0
1755546057809 9.869194886860262 0
1755546091681 9.869194886860262 0
1755546151450 9.869194886860262 0
1755546669546 9.869194886860262 0
1755546719162 9.869194886860262 0
1755546731712 9.869194886860262 0
1755546783860 9.869194886860262 0
1755558072425 9.63667035743107 0
1755559206303 9.63667035743107 0
1755559262140 9.63667035743107 0
1755560568081 9.63667035743107 0
