1755543828299 -0.0005299839885180013 0
1755544997732 -0.0005299839885180013 0
1755545057384 -0.0005299839885180013 0
1755545200294 -0.025105525244915716 0
1755545998816 -0.025105525244915716 0
1755546057809 -0.025105525244915716 0
1755546091681 -0.025105525244915716 0
1755546151450 -0.025105525244915716 0
1755546669546 -0.025105525244915716 0
1755546719162 -0.025105525244915716 0
1755546731712 -0.025105525244915716 0
1755546783860 -0.025105525244915716 0
1755558072425 0.6907758608946064 0
1755559206303 0.6907758608946064 0
1755559262140 0.6907758608946064 0
1755560568081 0.6907758608946064 0
