1755543828299 7.098801241364483 0
1755544997732 7.098801241364483 0
1755545057384 7.098801241364483 0
1755545200294 7.223171984395158 0
1755545998816 7.223171984395158 0
1755546057809 7.223171984395158 0
1755546091681 7.223171984395158 0
1755546151450 7.223171984395158 0
1755546669546 7.223171984395158 0
1755546719162 7.223171984395158 0
1755546731712 7.223171984395158 0
1755546783860 7.223171984395158 0
1755558072425 3.7934250758244437 0
1755559206303 3.7934250758244437 0
1755559262140 3.7934250758244437 0
1755560568081 3.7934250758244437 0
