1756294976938 -67.64182534514529 0
1756295037487 -78.31431821990785 0
1756295071771 -78.31431821990785 0
1756295110347 -78.31431821990785 0
1756298591092 -78.31431821990785 0
1756299033278 -87.40579374250903 0
1756299061859 -87.40579374250903 0
1756299474466 -87.40579374250903 0
1756299806916 -87.40579374250903 0
1756299830548 -87.40579374250903 0
1756299854006 -87.40579374250903 0
1756299877039 -87.40579374250903 0
1756301254689 -87.40579374250903 0
1756301369841 -87.40579374250903 0
1756301397458 -87.40579374250903 0
1756301483191 -87.40579374250903 0
