1756294976938 51.31207044797353 0
1756295037487 59.075465519091466 0
1756295071771 59.075465519091466 0
1756295110347 59.075465519091466 0
1756298591092 59.075465519091466 0
1756299033278 64.4514424319941 0
1756299061859 64.4514424319941 0
1756299474466 64.4514424319941 0
1756299806916 64.4514424319941 0
1756299830548 64.4514424319941 0
1756299854006 64.4514424319941 0
1756299877039 64.4514424319941 0
1756301254689 64.4514424319941 0
1756301369841 64.4514424319941 0
1756301397458 64.4514424319941 0
1756301483191 64.4514424319941 0
