1756476387244 0.35399183187905137 0
1756476452750 0.35399183187905137 0
1756476480533 0.35399183187905214 0
1756476510869 0.35399183187905214 0
1756476952694 0.35399183187905214 0
1756476980889 0.6673439586419693 0
1756476996863 0.6673439586419693 0
1756477025584 0.6673439586419693 0
1756477356023 0.6673439586419693 0
1756477381084 0.6673439586419693 0
1756477388576 0.6673439586419693 0
1756477415156 0.6673439586419693 0
1756478407811 0.6673439586419693 0
1756478531292 0.6673439586419693 0
1756478548511 0.6673439586419693 0
1756478687227 0.6673439586419693 0
