1757323074269 17.972490970816885 0
1757323148630 17.972490970816885 0
1757323180688 17.972490970816885 0
1757323233616 18.32208768587006 0
1757326533814 18.32208768587006 0
1757327013380 16.499279345897154 0
1757327045241 16.499279345897154 0
1757327596985 16.499279345897154 0
1757327888803 16.499279345897154 0
1757327904185 16.499279345897154 0
1757327919416 16.499279345897154 0
1757327938120 16.391218935034704 0
1757329203183 16.391218935034704 0
1757329265675 16.391218935034704 0
1757329295747 16.391218935034704 0
1757329381233 16.294270617112446 0
