1755541098994 -88.53225257267505 0
1755542225188 -88.53225257267505 0
1755542289220 -88.53225257267533 0
1755542463223 -88.53225257267533 0
1755545609189 -68.96956869156749 0
1755545677632 -68.96956869156749 0
1755545713674 -68.96956869156749 0
1755545778659 -68.96956869156749 0
1755546403626 -68.96956869156749 0
1755546462299 -68.96956869156749 0
1755546475010 -68.96956869156749 0
1755546536900 -68.96956869156749 0
1755552327147 -68.96956869156749 0
1755553722340 -68.96956869156749 0
1755553779094 -68.96956869156749 0
1755555286051 -68.96956869156749 0
