1755541098994 33.15099952142467 0
1755542225188 33.15099952142467 0
1755542289220 33.150999521425426 0
1755542463223 33.150999521425426 0
1755545609189 38.17179889265538 0
1755545677632 38.17179889265538 0
1755545713674 38.17179889265538 0
1755545778659 38.17179889265538 0
1755546403626 38.17179889265538 0
1755546462299 38.17179889265538 0
1755546475010 38.17179889265538 0
1755546536900 38.17179889265538 0
1755552327147 38.17179889265538 0
1755553722340 38.17179889265538 0
1755553779094 38.17179889265538 0
1755555286051 38.17179889265538 0
