1757493762172 73.15039109971137 0
1757493790197 73.15039109971137 0
1757493824008 69.62431555253622 0
1757493889043 51.76014766004203 0
1757494969882 51.76014766004203 0
1757495359243 51.76014766004203 0
1757495391568 51.76014766004203 0
1757495820842 51.76014766004203 0
1757500164966 51.76014766004203 0
1757500190548 50.64888395830435 0
1757500205730 50.64888395830435 0
1757500226521 49.80380625299695 0
1757500540986 49.80380625299695 0
1757500659481 49.80380625299695 0
1757500686953 49.80380625299695 0
1757500803685 49.80380625299695 0
