1757493762172 93.551427637346 0
1757493790197 93.551427637346 0
1757493824008 87.84470361072947 0
1757493889043 68.01703616803535 0
1757494969882 68.01703616803535 0
1757495359243 68.01703616803535 0
1757495391568 68.01703616803535 0
1757495820842 68.01703616803535 0
1757500164966 68.01703616803535 0
1757500190548 63.686144440548205 0
1757500205730 63.686144440548205 0
1757500226521 62.68669505957351 0
1757500540986 62.68669505957351 0
1757500659481 62.68669505957351 0
1757500686953 62.68669505957351 0
1757500803685 62.68669505957351 0
