1756633806913 -140.84931624108185 0
1756633878567 -140.84931624108185 0
1756633905130 -140.84931624108185 0
1756633949036 -54.602378076582774 0
1756634382796 -38.651785903023665 0
1756634411285 -49.93953288287346 0
1756634427302 -49.93953288287346 0
1756634456337 -49.93953288287346 0
1756634782310 -49.93953288287346 0
1756634810265 -72.04195334585492 0
1756634817636 -72.04195334585492 0
1756634847388 -72.04195334585492 0
1756635840482 -72.04195334585492 0
1756635962732 -72.04195334585492 0
1756635981174 -72.04195334585492 0
1756636119809 -72.04195334585492 0
1756637353647 -72.04195334585492 0
1756637431575 -72.04195334585492 0
1756637467864 -72.04195334585492 0
1756637582693 -72.04195334585492 0
1756640964828 -72.04195334585492 0
