1756633806913 6.643639217228502 0
1756633878567 6.643639217228502 0
1756633905130 6.643639217228502 0
1756633949036 4.932392227202824 0
1756634382796 4.342217447995311 0
1756634411285 4.322664208177358 0
1756634427302 4.322664208177358 0
1756634456337 4.322664208177358 0
1756634782310 4.322664208177358 0
1756634810265 4.486244522252134 0
1756634817636 4.486244522252134 0
1756634847388 4.486244522252134 0
1756635840482 4.486244522252134 0
1756635962732 4.486244522252134 0
1756635981174 4.486244522252134 0
1756636119809 4.486244522252134 0
1756637353647 4.486244522252134 0
1756637431575 4.486244522252134 0
1756637467864 4.486244522252134 0
1756637582693 4.486244522252134 0
1756640964828 4.486244522252134 0
1756641419190 3.9419568749756198 0
1756641459505 3.9419568749756198 0
1756641942713 3.9419568749756198 0
1756643445333 3.9419568749756198 0
1756643459165 3.9419568749756198 0
1756643473401 3.9419568749756198 0
1756643489186 3.9419568749756198 0
1756644741933 3.9419568749756198 0
1756644847928 3.9419568749756198 0
1756644880681 3.9419568749756198 0
1756644968918 3.9419568749756198 0
