1756716161853 18.551980795730273 0
1756716236174 18.551980795730273 0
1756716261132 18.55198079573018 0
1756716281209 18.55198079573018 0
1756716789752 18.55198079573018 0
1756716817531 18.55198079573018 0
1756716833086 18.55198079573018 0
1756716860097 18.55198079573018 0
1756717224953 18.55198079573018 0
1756717251777 18.55198079573018 0
1756717258911 18.55198079573018 0
1756717286867 18.55198079573018 0
1756717580783 18.55198079573018 0
1756717689815 18.55198079573018 0
1756717706367 18.55198079573018 0
1756717836264 18.55198079573018 0
1756719083161 18.55198079573018 0
1756719185079 18.55198079573018 0
1756719227731 18.55198079573018 0
1756719273809 18.55198079573018 0
1756720182132 18.55198079573018 0
1756720520583 17.57259913392584 0
1756720554401 17.57259913392584 0
1756720941763 17.57259913392584 0
1756724501133 17.57259913392584 0
1756724518317 17.57259913392584 0
1756724533698 17.57259913392584 0
1756724548763 17.57259913392584 0
1756724836083 17.57259913392584 0
1756724899264 17.57259913392584 0
1756724927060 17.57259913392584 0
1756725031195 17.57259913392584 0
