1756716161853 0.0532436381745357 0
1756716236174 0.0532436381745357 0
1756716261132 0.05324363817454181 0
1756716281209 0.05324363817454181 0
1756716789752 0.05324363817454181 0
1756716817531 0.05324363817454181 0
1756716833086 0.05324363817454181 0
1756716860097 0.05324363817454181 0
1756717224953 0.05324363817454181 0
1756717251777 0.05324363817454181 0
1756717258911 0.05324363817454181 0
1756717286867 0.05324363817454181 0
1756717580783 0.05324363817454181 0
1756717689815 0.05324363817454181 0
1756717706367 0.05324363817454181 0
1756717836264 0.05324363817454181 0
1756719083161 0.05324363817454181 0
1756719185079 0.05324363817454181 0
1756719227731 0.05324363817454181 0
1756719273809 0.05324363817454181 0
1756720182132 0.05324363817454181 0
