1756716427316 -2.813178626106848 0
1756716487936 -4.6755429635994865 0
1756716510074 -4.6755429635994865 0
1756716533053 -2.972720294374009 0
1756716963257 -2.3984988989371656 0
1756716992846 -2.3984988989371656 0
1756717008787 -2.3984988989371656 0
1756717041008 -2.3984988989371656 0
1756717360134 -2.3984988989371656 0
1756717390233 -2.3984988989371656 0
1756717397441 -2.3984988989371656 0
1756717428816 -2.3984988989371656 0
1756718177347 -2.3984988989371656 0
1756718301388 -2.3984988989371656 0
1756718318450 -2.3984988989371656 0
1756718458050 -2.3984988989371656 0
1756719534647 -2.3984988989371656 0
1756719582800 -2.3984988989371656 0
1756719621534 -2.3984988989371656 0
1756719704344 -2.3984988989371656 0
1756721967201 -2.3984988989371656 0
1756722367455 -2.3984988989371656 0
