1756716427316 1.7208270123309632 0
1756716487936 1.6141249457645954 0
1756716510074 1.6141249457645954 0
1756716533053 1.449050107977587 0
1756716963257 1.447091666666667 0
1756716992846 1.447091666666667 0
1756717008787 1.447091666666667 0
1756717041008 1.447091666666667 0
1756717360134 1.447091666666667 0
1756717390233 1.447091666666667 0
1756717397441 1.447091666666667 0
1756717428816 1.447091666666667 0
1756718177347 1.447091666666667 0
1756718301388 1.447091666666667 0
1756718318450 1.447091666666667 0
1756718458050 1.447091666666667 0
1756719534647 1.447091666666667 0
1756719582800 1.447091666666667 0
1756719621534 1.447091666666667 0
1756719704344 1.447091666666667 0
1756721967201 1.447091666666667 0
1756722367455 1.447091666666667 0
1756722403631 1.4461989927356598 0
1756722878932 1.4461989927356598 0
1756724624854 1.4461989927356598 0
1756724639168 1.4461989927356598 0
1756724652289 1.4461989927356598 0
1756724668445 1.4461989927356598 0
1756725357429 1.4461989927356598 0
1756725417824 1.4461989927356598 0
1756725455004 1.4461989927356598 0
1756725581288 1.4461989927356598 0
