1756716427316 1.7565637605827853 0
1756716487936 1.2277049683351693 0
1756716510074 1.2277049683351693 0
1756716533053 1.6800637984553943 0
1756716963257 0.6396318710860032 0
1756716992846 0.6396318710860032 0
1756717008787 0.6396318710860032 0
1756717041008 0.6396318710860032 0
1756717360134 0.6396318710860032 0
1756717390233 0.6396318710860032 0
1756717397441 0.6396318710860032 0
1756717428816 0.6396318710860032 0
1756718177347 0.6396318710860032 0
1756718301388 0.6396318710860032 0
1756718318450 0.6396318710860032 0
1756718458050 0.6396318710860032 0
1756719534647 0.6396318710860032 0
1756719582800 0.6396318710860032 0
1756719621534 0.6396318710860032 0
1756719704344 0.6396318710860032 0
1756721967201 0.6396318710860032 0
1756722367455 0.6396318710860032 0
