1756716427316 -3.085516244992737 0
1756716487936 -1.5072594892748592 0
1756716510074 -1.5072594892748592 0
1756716533053 -2.8226143668803676 0
1756716963257 -0.4091289305089814 0
1756716992846 -0.4091289305089814 0
1756717008787 -0.4091289305089814 0
1756717041008 -0.4091289305089814 0
1756717360134 -0.4091289305089814 0
1756717390233 -0.4091289305089814 0
1756717397441 -0.4091289305089814 0
1756717428816 -0.4091289305089814 0
1756718177347 -0.4091289305089814 0
1756718301388 -0.4091289305089814 0
1756718318450 -0.4091289305089814 0
1756718458050 -0.4091289305089814 0
1756719534647 -0.4091289305089814 0
1756719582800 -0.4091289305089814 0
1756719621534 -0.4091289305089814 0
1756719704344 -0.4091289305089814 0
1756721967201 -0.4091289305089814 0
1756722367455 -0.4091289305089814 0
