1756277556699 0.025556668236232927 0
1756277591505 0.025556668236232927 0
1756277632537 0.025556668236232927 0
1756277652459 0.025556668236232927 0
1756278210349 0.009142682926829265 0
1756278241157 0.008998780487804878 0
1756278258678 0.008998780487804878 0
1756278289350 0.008998780487804878 0
1756278631714 0.008021486643437863 0
1756278663540 0.008021486643437863 0
1756278671130 0.008021486643437863 0
1756278704471 0.008021486643437863 0
1756279147794 0.008021486643437863 0
1756279221426 0.008148536644648853 0
1756279234553 0.008148536644648853 0
1756279316493 0.008148536644648853 0
1756280134235 0.008148536644648853 0
1756280204450 0.008148536644648853 0
1756280248481 0.008148536644648853 0
1756280278738 0.008148536644648853 0
1756281716972 0.008148536644648853 0
1756282143545 0.007758973851155428 0
1756282175217 0.007758973851155428 0
1756282546517 0.007639304938162768 0
1756286041880 0.007639304938162768 0
1756286060485 0.007639304938162768 0
1756286077843 0.007639304938162768 0
1756286095858 0.007639304938162768 0
1756286558614 0.007303663537178825 0
1756286620050 0.007303663537178825 0
1756286651835 0.007303663537178825 0
1756286726825 0.007303663537178825 0
