1756277556699 184.3474474483637 0
1756277591505 184.3474474483637 0
1756277632537 184.3474474483637 0
1756277652459 184.3474474483637 0
1756278210349 85.50833333333333 0
1756278241157 92.1 0
1756278258678 92.1 0
1756278289350 92.1 0
1756278631714 68.33333333333333 0
1756278663540 68.33333333333333 0
1756278671130 68.33333333333333 0
1756278704471 68.33333333333333 0
1756279147794 68.33333333333333 0
1756279221426 87.54474877690276 0
1756279234553 87.54474877690276 0
1756279316493 87.54474877690276 0
1756280134235 87.54474877690276 0
1756280204450 87.54474877690276 0
1756280248481 87.54474877690276 0
1756280278738 87.54474877690276 0
1756281716972 87.54474877690276 0
1756282143545 80.92483055289873 0
1756282175217 80.92483055289873 0
1756282546517 80.43539471373103 0
1756286041880 80.43539471373103 0
1756286060485 80.43539471373103 0
1756286077843 80.43539471373103 0
1756286095858 80.43539471373103 0
1756286558614 88.71117387898266 0
1756286620050 88.71117387898266 0
1756286651835 88.71117387898266 0
1756286726825 88.71117387898266 0
