1756277556699 -4.9003590058876325 0
1756277591505 -4.9003590058876325 0
1756277632537 -4.9003590058876325 0
1756277652459 -4.9003590058876325 0
1756278210349 -0.3316659787735836 0
1756278241157 -0.3020262489279588 0
1756278258678 -0.3020262489279588 0
1756278289350 -0.3020262489279588 0
1756278631714 -0.1493507137703567 0
1756278663540 -0.1493507137703567 0
1756278671130 -0.1493507137703567 0
1756278704471 -0.1493507137703567 0
1756279147794 -0.1493507137703567 0
1756279221426 -0.023392379395055007 0
1756279234553 -0.023392379395055007 0
1756279316493 -0.023392379395055007 0
1756280134235 -0.023392379395055007 0
1756280204450 -0.023392379395055007 0
1756280248481 -0.023392379395055007 0
1756280278738 -0.023392379395055007 0
1756281716972 -0.023392379395055007 0
1756282143545 -0.005759789019459838 0
1756282175217 -0.005759789019459838 0
1756282546517 -0.004033867547534875 0
1756286041880 -0.004033867547534875 0
1756286060485 -0.004033867547534875 0
1756286077843 -0.004033867547534875 0
1756286095858 -0.004033867547534875 0
1756286558614 -2.4147577868394166e-05 0
1756286620050 -2.4147577868394166e-05 0
1756286651835 -2.4147577868394166e-05 0
1756286726825 -2.4147577868394166e-05 0
