1756277556699 0.040460815573520936 0
1756277591505 0.040460815573520936 0
1756277632537 0.040460815573520936 0
1756277652459 0.040460815573520936 0
1756278210349 0.019221756283808875 0
1756278241157 0.019006637159096847 0
1756278258678 0.019006637159096847 0
1756278289350 0.019006637159096847 0
1756278631714 0.017857542775235345 0
1756278663540 0.017857542775235345 0
1756278671130 0.017857542775235345 0
1756278704471 0.017857542775235345 0
1756279147794 0.017857542775235345 0
1756279221426 0.01685064400257507 0
1756279234553 0.01685064400257507 0
1756279316493 0.01685064400257507 0
1756280134235 0.01685064400257507 0
1756280204450 0.01685064400257507 0
1756280248481 0.01685064400257507 0
1756280278738 0.01685064400257507 0
1756281716972 0.01685064400257507 0
1756282143545 0.016704848769042924 0
1756282175217 0.016704848769042924 0
1756282546517 0.01669050954162794 0
1756286041880 0.01669050954162794 0
1756286060485 0.01669050954162794 0
1756286077843 0.01669050954162794 0
1756286095858 0.01669050954162794 0
1756286558614 0.01665714850536414 0
1756286620050 0.01665714850536414 0
1756286651835 0.01665714850536414 0
1756286726825 0.01665714850536414 0
