1756277556699 -0.4436255978998944 0
1756277591505 -0.4436255978998944 0
1756277632537 -0.4436255978998944 0
1756277652459 -0.4436255978998944 0
1756278210349 0.847506735203185 0
1756278241157 0.5850556272434302 0
1756278258678 0.5850556272434302 0
1756278289350 0.5850556272434302 0
1756278631714 0.34223007409791817 0
1756278663540 0.34223007409791817 0
1756278671130 0.34223007409791817 0
1756278704471 0.34223007409791817 0
1756279147794 0.34223007409791817 0
1756279221426 0.3610295923240724 0
1756279234553 0.3610295923240724 0
1756279316493 0.3610295923240724 0
1756280134235 0.3610295923240724 0
1756280204450 0.3610295923240724 0
1756280248481 0.3610295923240724 0
1756280278738 0.3610295923240724 0
1756281716972 0.3610295923240724 0
