1756221911992 0.005709800896209205 0
1756221984642 0.005709800896209205 0
1756222011549 0.005709800896218753 0
1756222048450 0.005709800896218753 0
1756222659973 0.005709800896218753 0
1756222687984 0.005709800896218753 0
1756222703076 0.005709800896218753 0
1756222732006 0.005709800896218753 0
1756223092963 0.005709800896218753 0
1756223121816 0.005709800896218753 0
1756223128895 0.005709800896218753 0
1756223158974 0.005709800896218753 0
1756223690557 0.005709800896218753 0
1756223802331 0.005709800896218753 0
1756223817379 0.005709800896218753 0
1756223948723 0.005709800896218753 0
1756225127858 0.005709800896218753 0
1756225181946 0.005709800896218753 0
1756225207794 0.005709800896218753 0
1756225332248 0.005709800896218753 0
1756227146849 0.005709800896218753 0
1756227689861 0.005709800896218753 0
1756227725593 0.005709800896218753 0
1756228236771 0.005709800896218753 0
1756232033368 0.005709800896218753 0
1756232056180 0.005709800896218753 0
1756232072450 0.005709800896218753 0
1756232092453 0.005709800896218753 0
1756232665153 0.005709800896218753 0
1756232781460 0.005709800896218753 0
1756232823168 0.005709800896218753 0
1756233008337 0.005709800896218753 0
