1756886889406 -0.07958371782668455 0
1756886907589 -0.11577226456493594 0
1756886933770 -0.11577226456493594 0
1756886956826 -0.04601965491798784 0
1756887355664 -0.04601965491798784 0
1756887386262 -0.046202051071969695 0
1756887403168 -0.046202051071969695 0
1756887432476 -0.046202051071969695 0
1756887780290 -0.046202051071969695 0
1756887808360 -0.046202051071969695 0
1756887816130 -0.046202051071969695 0
1756887845297 -0.046202051071969695 0
1756888580531 -0.03817726569807424 0
1756888707179 -0.03817726569807424 0
1756888724171 -0.03817726569807424 0
1756888872808 -0.03817726569807424 0
