1756886889406 61.62709959840009 0
1756886907589 44.31073208618182 0
1756886933770 44.31073208618182 0
1756886956826 30.178002086740523 0
1756887355664 30.178002086740523 0
1756887386262 32.61267181873893 0
1756887403168 32.61267181873893 0
1756887432476 32.61267181873893 0
1756887780290 32.61267181873893 0
1756887808360 32.61267181873893 0
1756887816130 32.61267181873893 0
1756887845297 32.61267181873893 0
1756888580531 32.954185224763826 0
1756888707179 32.954185224763826 0
1756888724171 32.954185224763826 0
1756888872808 32.954185224763826 0
1756889857115 31.059787275176305 0
1756889917503 31.059787275176305 0
1756889975431 31.059787275176294 0
1756890024747 31.059787275176294 0
1756892251693 31.059787275176294 0
1756892755631 31.059787275176294 0
1756892784752 31.059787275176294 0
1756893298121 31.059787275176294 0
1756895433170 31.059787275176294 0
1756895447807 31.059787275176294 0
1756895460463 31.059787275176294 0
1756895475492 31.059787275176294 0
1756895970395 31.059787275176294 0
1756896018900 31.059787275176294 0
1756896045401 31.059787275176294 0
1756896129714 31.059787275176294 0
