1756886889406 -2.52028844205755 0
1756886907589 -0.9186221691424932 0
1756886933770 -0.9186221691424932 0
1756886956826 -0.027761717671396235 0
1756887355664 -0.027761717671396235 0
1756887386262 -0.014516625517553727 0
1756887403168 -0.014516625517553727 0
1756887432476 -0.014516625517553727 0
1756887780290 -0.014516625517553727 0
1756887808360 -0.014516625517553727 0
1756887816130 -0.014516625517553727 0
1756887845297 -0.014516625517553727 0
1756888580531 0.023941139933005395 0
1756888707179 0.023941139933005395 0
1756888724171 0.023941139933005395 0
1756888872808 0.023941139933005395 0
1756889857115 0.059761392081309705 0
1756889917503 0.059761392081309705 0
1756889975431 0.05976139208131026 0
1756890024747 0.05976139208131026 0
1756892251693 0.05976139208131026 0
1756892755631 0.05976139208131026 0
1756892784752 0.05976139208131026 0
1756893298121 0.05976139208131026 0
1756895433170 0.05976139208131026 0
1756895447807 0.05976139208131026 0
1756895460463 0.05976139208131026 0
1756895475492 0.05976139208131026 0
1756895970395 0.05976139208131026 0
1756896018900 0.05976139208131026 0
1756896045401 0.05976139208131026 0
1756896129714 0.05976139208131026 0
