1756886889406 -1.5480530226641163 0
1756886907589 -0.4136137885180746 0
1756886933770 -0.4136137885180746 0
1756886956826 -0.029489994518291374 0
1756887355664 -0.029489994518291374 0
1756887386262 0.504671005660237 0
1756887403168 0.504671005660237 0
1756887432476 0.504671005660237 0
1756887780290 0.504671005660237 0
1756887808360 0.504671005660237 0
1756887816130 0.504671005660237 0
1756887845297 0.504671005660237 0
1756888580531 0.8606415469733042 0
1756888707179 0.8606415469733042 0
1756888724171 0.8606415469733042 0
1756888872808 0.8606415469733042 0
