1756886643814 31.584279570414893 0
1756886704323 26.061968689157865 0
1756886735681 26.061968689157865 0
1756886754785 26.061968689157865 0
1756887179468 23.32576304848458 0
1756887206824 22.001687150270463 0
1756887222182 22.001687150270463 0
1756887249868 22.001687150270463 0
1756887622095 22.001687150270463 0
1756887654738 22.001687150270463 0
1756887662174 22.001687150270463 0
1756887695367 22.001687150270463 0
1756888013202 22.001687150270463 0
1756888115689 22.001687150270463 0
1756888131338 22.001687150270463 0
1756888259249 22.001687150270463 0
