1756886643814 0.20582619829298232 0
1756886704323 0.16452538228086772 0
1756886735681 0.16452538228086772 0
1756886754785 0.16452538228086772 0
1756887179468 0.16289490713104188 0
1756887206824 0.1549310657490597 0
1756887222182 0.1549310657490597 0
1756887249868 0.1549310657490597 0
1756887622095 0.1549310657490597 0
1756887654738 0.1549310657490597 0
1756887662174 0.1549310657490597 0
1756887695367 0.1549310657490597 0
1756888013202 0.1549310657490597 0
1756888115689 0.1549310657490597 0
1756888131338 0.1549310657490597 0
1756888259249 0.1549310657490597 0
