1756886980952 0.14428167767335412 0
1756887026271 0.14428167767335412 0
1756887050382 0.14428167767335404 0
1756887069923 0.14428167767335404 0
1756887448133 0.14428167767335404 0
1756887476933 0.14428167767335404 0
1756887493063 0.14428167767335404 0
1756887522663 0.14428167767335404 0
1756887852929 0.14428167767335404 0
1756887882441 0.14428167767335404 0
1756887890151 0.14428167767335404 0
1756887920781 0.14428167767335404 0
1756888890662 0.14428167767335404 0
1756889018751 0.14428167767335404 0
1756889038476 0.14428167767335404 0
1756889185322 0.14428167767335404 0
