1756886980952 23.925893350270883 0
1756887026271 23.925893350270883 0
1756887050382 23.92589335027088 0
1756887069923 23.92589335027088 0
1756887448133 23.92589335027088 0
1756887476933 23.92589335027088 0
1756887493063 23.92589335027088 0
1756887522663 23.92589335027088 0
1756887852929 23.92589335027088 0
1756887882441 23.92589335027088 0
1756887890151 23.92589335027088 0
1756887920781 23.92589335027088 0
1756888890662 23.92589335027088 0
1756889018751 23.92589335027088 0
1756889038476 23.92589335027088 0
1756889185322 23.92589335027088 0
