1756646146426 2.7234611629128653 0
1756646213361 2.7234611629128653 0
1756646245828 2.7234611629128653 0
1756646273900 2.7234611629128653 0
1756646761622 2.7234611629128653 0
1756646788582 2.5839548088051694 0
1756646804301 2.5839548088051694 0
1756646832368 2.5839548088051694 0
1756647150501 2.5839548088051694 0
1756647174683 2.5839548088051694 0
1756647181643 2.5839548088051694 0
1756647208148 2.5839548088051694 0
1756647858678 2.5839548088051694 0
1756647967138 2.5839548088051694 0
1756647983347 2.5839548088051694 0
1756648113732 2.5839548088051694 0
