1756646146426 3.6476311649542508 0
1756646213361 3.6476311649542508 0
1756646245828 3.6476311649542508 0
1756646273900 3.6476311649542508 0
1756646761622 3.6476311649542508 0
1756646788582 1.7249926072109456 0
1756646804301 1.7249926072109456 0
1756646832368 1.7249926072109456 0
1756647150501 1.7249926072109456 0
1756647174683 1.7249926072109456 0
1756647181643 1.7249926072109456 0
1756647208148 1.7249926072109456 0
1756647858678 1.7249926072109456 0
1756647967138 1.7249926072109456 0
1756647983347 1.7249926072109456 0
1756648113732 1.7249926072109456 0
