1756479990591 12.717108646299819 0
1756480067090 11.750207908665434 0
1756480123583 11.430499793008186 0
1756480185422 11.012295581165445 0
1756483908934 10.850487365302477 0
1756484308979 9.963506053623796 0
1756484348236 9.963506053623796 0
1756484790277 9.963506053623796 0
1756485056815 9.963506053623796 0
1756485070779 9.963506053623796 0
1756485084494 9.963506053623796 0
1756485100096 9.963506053623796 0
1756501840892 9.963506053623796 0
1756508146173 9.909400487913489 0
1756511800624 9.909400487913489 0
1756533763103 9.873548314632732 0
