1756365869113 0.23764662470471898 0
1756365900566 0.07678427665287108 0
1756365917954 0.07678427665287108 0
1756365938465 0.12422102838176295 0
1756366365666 0.12422102838176295 0
1756366393772 0.12422102838176295 0
1756366408592 0.12422102838176295 0
1756366437238 0.12422102838176295 0
1756366780502 0.12422102838176295 0
1756366810566 0.12422102838176295 0
1756366817569 0.12422102838176295 0
1756366848221 0.12422102838176295 0
1756367308396 0.12422102838176295 0
1756367413860 0.12422102838176295 0
1756367428823 0.12422102838176295 0
1756367551210 0.12422102838176295 0
