1756821145126 -151.24659996162623 0
1756821206222 -151.24659996162623 0
1756821237045 -151.24659996162623 0
1756821271667 -12.600561730342152 0
1756821888935 -12.600561730342152 0
1756821919330 -12.11244564377709 0
1756821935672 -12.11244564377709 0
1756821965737 -12.11244564377709 0
1756822327235 -12.11244564377709 0
1756822357827 -12.11244564377709 0
1756822365221 -12.11244564377709 0
1756822397269 -12.11244564377709 0
1756822883511 -12.11244564377709 0
1756823013914 -12.295159255618096 0
1756823031203 -12.295159255618096 0
1756823178352 -12.295159255618096 0
