1756821145126 10.293728581426274 0
1756821206222 10.293728581426274 0
1756821237045 10.293728581426274 0
1756821271667 6.118597775065427 0
1756821888935 6.118597775065427 0
1756821919330 6.072242020223462 0
1756821935672 6.072242020223462 0
1756821965737 6.072242020223462 0
1756822327235 6.072242020223462 0
1756822357827 6.072242020223462 0
1756822365221 6.072242020223462 0
1756822397269 6.072242020223462 0
1756822883511 6.072242020223462 0
1756823013914 5.992312847829621 0
1756823031203 5.992312847829621 0
1756823178352 5.992312847829621 0
