1756821145126 0.018729986095129658 0
1756821206222 0.018729986095129658 0
1756821237045 0.018729986095129658 0
1756821271667 -2.2601172476433007e-05 0
1756821888935 -2.2601172476433007e-05 0
1756821919330 0.8530428181887377 0
1756821935672 0.8530428181887377 0
1756821965737 0.8530428181887377 0
1756822327235 0.8530428181887377 0
1756822357827 0.8530428181887377 0
1756822365221 0.8530428181887377 0
1756822397269 0.8530428181887377 0
1756822883511 0.8530428181887377 0
1756823013914 0.44686701551489627 0
1756823031203 0.44686701551489627 0
1756823178352 0.44686701551489627 0
