1756821145126 -12.190793124200098 0
1756821206222 -12.190793124200098 0
1756821237045 -12.190793124200098 0
1756821271667 -12.423765607495666 0
1756821888935 -12.423765607495666 0
1756821919330 -1.8257203177414532 0
1756821935672 -1.8257203177414532 0
1756821965737 -1.8257203177414532 0
1756822327235 -1.8257203177414532 0
1756822357827 -1.8257203177414532 0
1756822365221 -1.8257203177414532 0
1756822397269 -1.8257203177414532 0
1756822883511 -1.8257203177414532 0
1756823013914 -6.8718392373936314 0
1756823031203 -6.8718392373936314 0
1756823178352 -6.8718392373936314 0
