1756821145126 3.491531630130264 0
1756821206222 3.491531630130264 0
1756821237045 3.491531630130264 0
1756821271667 3.5247362465148604 0
1756821888935 3.5247362465148604 0
1756821919330 1.3511921838663268 0
1756821935672 1.3511921838663268 0
1756821965737 1.3511921838663268 0
1756822327235 1.3511921838663268 0
1756822357827 1.3511921838663268 0
1756822365221 1.3511921838663268 0
1756822397269 1.3511921838663268 0
1756822883511 1.3511921838663268 0
1756823013914 2.6214193173534124 0
1756823031203 2.6214193173534124 0
1756823178352 2.6214193173534124 0
