1756329956029 14.068148540087712 0
1756330035308 14.068148540087712 0
1756330114435 14.06706434826743 0
1756330195459 11.756474973242735 0
1756332712067 11.756474973242735 0
1756333137193 11.756474973242735 0
1756333162215 11.756474973242735 0
1756333665305 11.756474973242735 0
1756335346124 11.756474973242735 0
1756335365259 11.756474973242735 0
1756335379814 11.756474973242735 0
1756335396215 11.756474973242735 0
1756336399762 11.756474973242735 0
1756336493117 11.756474973242735 0
1756336530845 11.756474973242735 0
1756336618064 11.756474973242735 0
