1756278000236 -0.006058809881496149 0
1756278048549 -0.006058809881496149 0
1756278090929 -0.006058809881496149 0
1756278111463 -0.00029723896854052465 0
1756278488465 -0.00026306296191130294 0
1756278516915 -0.00026306296191130294 0
1756278531297 -0.00026306296191130294 0
1756278558204 -0.00026306296191130294 0
1756278884237 -0.00026306296191130294 0
1756278915222 -0.00026306296191130294 0
1756278924730 -0.00026306296191130294 0
1756278960906 -0.00026306296191130294 0
1756279726356 -0.00026306296191130294 0
1756279797245 -0.0003067354763002199 0
1756279814047 -0.0003067354763002199 0
1756279901299 -0.0003067354763002199 0
1756280725986 -0.0003067354763002199 0
1756280763560 -0.0003067354763002199 0
1756280835012 -0.0003067354763002199 0
1756280871734 -0.0003067354763002199 0
1756284933437 -0.0003067354763002199 0
