1756278000236 0.04360621432162741 0
1756278048549 0.04360621432162741 0
1756278090929 0.04360621432162741 0
1756278111463 0.025542311545489405 0
1756278488465 0.024581988224644795 0
1756278516915 0.024581988224644795 0
1756278531297 0.024581988224644795 0
1756278558204 0.024581988224644795 0
1756278884237 0.024581988224644795 0
1756278915222 0.024581988224644795 0
1756278924730 0.024581988224644795 0
1756278960906 0.024581988224644795 0
1756279726356 0.024581988224644795 0
1756279797245 0.024253491702961146 0
1756279814047 0.024253491702961146 0
1756279901299 0.024253491702961146 0
1756280725986 0.024253491702961146 0
1756280763560 0.024253491702961146 0
1756280835012 0.024253491702961146 0
1756280871734 0.024253491702961146 0
1756284933437 0.024253491702961146 0
1756285456980 0.023210639409073388 0
1756285492613 0.023210639409073388 0
1756285953371 0.023199988555347627 0
1756286268094 0.023199988555347627 0
1756286287310 0.023199988555347627 0
1756286305084 0.023199988555347627 0
1756286338238 0.023199988555347627 0
1756287101595 0.023199988555347627 0
1756287159785 0.023199988555347627 0
1756287181637 0.023199988555347627 0
1756287271236 0.023199988555347627 0
