1756278000236 0.008500459088738355 0
1756278048549 0.008500459088738355 0
1756278090929 0.008500459088738355 0
1756278111463 0.018429765311960496 0
1756278488465 0.0033819301913056727 0
1756278516915 0.0033819301913056727 0
1756278531297 0.0033819301913056727 0
1756278558204 0.0033819301913056727 0
1756278884237 0.0033819301913056727 0
1756278915222 0.0033819301913056727 0
1756278924730 0.0033819301913056727 0
1756278960906 0.0033819301913056727 0
1756279726356 0.0033819301913056727 0
1756279797245 0.006051656405047683 0
1756279814047 0.006051656405047683 0
1756279901299 0.006051656405047683 0
1756280725986 0.006051656405047683 0
1756280763560 0.006051656405047683 0
1756280835012 0.006051656405047683 0
1756280871734 0.006051656405047683 0
1756284933437 0.006051656405047683 0
