1756278000236 -0.12463262599399139 0
1756278048549 -0.12463262599399139 0
1756278090929 -0.12463262599399139 0
1756278111463 -0.5911589378111219 0
1756278488465 0.7915214157008711 0
1756278516915 0.7915214157008711 0
1756278531297 0.7915214157008711 0
1756278558204 0.7915214157008711 0
1756278884237 0.7915214157008711 0
1756278915222 0.7915214157008711 0
1756278924730 0.7915214157008711 0
1756278960906 0.7915214157008711 0
1756279726356 0.7915214157008711 0
1756279797245 0.289417403286079 0
1756279814047 0.289417403286079 0
1756279901299 0.289417403286079 0
1756280725986 0.289417403286079 0
1756280763560 0.289417403286079 0
1756280835012 0.289417403286079 0
1756280871734 0.289417403286079 0
1756284933437 0.289417403286079 0
