1756278000236 0.0003259464064094293 0
1756278048549 0.0003259464064094293 0
1756278090929 0.0003259464064094293 0
1756278111463 0.00046115729334047503 0
1756278488465 6.042226038531217e-05 0
1756278516915 6.042226038531217e-05 0
1756278531297 6.042226038531217e-05 0
1756278558204 6.042226038531217e-05 0
1756278884237 6.042226038531217e-05 0
1756278915222 6.042226038531217e-05 0
1756278924730 6.042226038531217e-05 0
1756278960906 6.042226038531217e-05 0
1756279726356 6.042226038531217e-05 0
1756279797245 0.00020594444665988264 0
1756279814047 0.00020594444665988264 0
1756279901299 0.00020594444665988264 0
1756280725986 0.00020594444665988264 0
1756280763560 0.00020594444665988264 0
1756280835012 0.00020594444665988264 0
1756280871734 0.00020594444665988264 0
1756284933437 0.00020594444665988264 0
