1756637351940 0.02925500733191544 0
1756637429861 0.02925500733191544 0
1756637466055 0.05785437335883492 0
1756637581865 0.05785437335883492 0
1756640963146 0.05785437335883492 0
1756641418101 0.22822132828175634 0
1756641457694 0.22822132828175634 0
1756641941778 0.22822132828175634 0
1756643444496 0.22822132828175634 0
1756643458347 0.22822132828175634 0
1756643472569 0.22822132828175634 0
1756643488361 0.22822132828175634 0
1756644739626 0.22822132828175634 0
1756644846395 0.22822132828175634 0
1756644878757 0.22822132828175634 0
1756644966936 0.22822132828175634 0
