1755543828462 10.179567366792588 0
1755544997915 10.179567366792588 0
1755545057584 10.179567366792588 0
1755545200506 9.869194886860262 0
1755545999131 9.869194886860262 0
1755546058141 9.869194886860262 0
1755546092024 9.869194886860262 0
1755546151782 9.869194886860262 0
1755546670072 9.869194886860262 0
1755546719628 9.869194886860262 0
1755546732161 9.869194886860262 0
1755546784329 9.869194886860262 0
1755558073056 9.63667035743107 0
1755559206960 9.63667035743107 0
1755559262840 9.63667035743107 0
1755560569033 9.63667035743107 0
1755570073361 9.603379450253303 0
1755570799432 9.603379450253303 0
1755570855252 9.603379450253303 0
1755571376259 9.603379450253303 0
1755578633062 9.603379450253303 0
1755579445208 9.603379450253303 0
1755579527049 9.603379450253303 0
1755580755677 9.603379450253303 0
1755581148971 9.603379450253303 0
1755581171915 9.603379450253303 0
1755581195788 9.603379450253303 0
1755581221005 9.603379450253303 0
1755585126371 9.603379450253303 0
1755585698194 9.603379450253303 0
1755585755819 9.603379450253303 0
1755586317315 9.603379450253303 0
