1755889347292 -74.58788614919798 0
1755890227932 -111.20152901335541 0
1755890280556 -111.20152901335541 0
1755890401234 -111.20152901335541 0
1755892109034 -43.03307192401192 0
1755892157413 -43.917197660550954 0
1755892186382 -43.917197660550954 0
1755892235337 -43.9240639197714 0
1755892738330 -43.9240639197714 0
1755892778630 -43.9240639197714 0
1755892789262 -43.9240639197714 0
1755892832803 -43.9240639197714 0
1755895764301 -43.9240639197714 0
1755896160700 -43.9240639197714 0
1755896180408 -43.9240639197714 0
1755896625156 -43.9240639197714 0
