1755889347292 20.80905118249623 0
1755890227932 18.0032695578819 0
1755890280556 18.0032695578819 0
1755890401234 18.0032695578819 0
1755892109034 15.57569755566351 0
1755892157413 13.578634889768013 0
1755892186382 13.578634889768013 0
1755892235337 13.578634889768013 0
1755892738330 13.578634889768013 0
1755892778630 13.578634889768013 0
1755892789262 13.578634889768013 0
1755892832803 13.578634889768013 0
1755895764301 13.578634889768013 0
1755896160700 13.578634889768013 0
1755896180408 13.578634889768013 0
1755896625156 13.578634889768013 0
