1756203417846 21.43345968750865 0
1756203549722 15.514824825364526 0
1756203651531 15.514824825364526 0
1756203803774 15.510410197210417 0
1756204165343 15.510410197210417 0
1756204192668 15.510410197210417 0
1756204208391 15.510410197210417 0
1756204236400 15.510410197210417 0
1756204518672 15.510410197210417 0
1756204546023 15.510410197210417 0
1756204553338 15.510410197210417 0
1756204582385 15.510410197210417 0
1756205813287 15.510410197210417 0
1756205935532 15.510410197210417 0
1756205953471 15.510410197210417 0
1756206098409 15.510410197210417 0
