1756203417846 -1.0368140274972903 0
1756203549722 -0.28358721514275165 0
1756203651531 -0.28358721514275165 0
1756203803774 -0.004184635610359644 0
1756204165343 -0.004184635610359644 0
1756204192668 -0.004184635610359644 0
1756204208391 -0.004184635610359644 0
1756204236400 -0.004184635610359644 0
1756204518672 -0.004184635610359644 0
1756204546023 -0.004184635610359644 0
1756204553338 -0.004184635610359644 0
1756204582385 -0.004184635610359644 0
1756205813287 -0.004184635610359644 0
1756205935532 -0.004184635610359644 0
1756205953471 -0.004184635610359644 0
1756206098409 -0.004184635610359644 0
