1756203417846 273.1074421947488 0
1756203549722 446.67534139485804 0
1756203651531 446.67534139485804 0
1756203803774 429.56107784460136 0
1756204165343 429.56107784460136 0
1756204192668 429.56107784460136 0
1756204208391 429.56107784460136 0
1756204236400 429.56107784460136 0
1756204518672 429.56107784460136 0
1756204546023 429.56107784460136 0
1756204553338 429.56107784460136 0
1756204582385 429.56107784460136 0
1756205813287 429.56107784460136 0
1756205935532 429.56107784460136 0
1756205953471 429.56107784460136 0
1756206098409 429.56107784460136 0
