1756989468662 -1.4976661195425094 0
1756989540291 -1.4976661195425094 0
1756989563692 -1.4976661195425094 0
1756989583333 -0.45341151583975103 0
1756990121261 -0.36344631446470815 0
1756990149292 -0.37711854799021055 0
1756990165255 -0.37711854799021055 0
1756990193339 -0.37711854799021055 0
1756990542731 -0.45142917844950825 0
1756990570151 -0.45142917844950825 0
1756990578349 -0.45142917844950825 0
1756990608215 -0.45142917844950825 0
1756991142500 -0.45142917844950825 0
1756991275964 -0.45142917844950825 0
1756991292926 -0.45142917844950825 0
1756991445004 -0.45142917844950825 0
