1756598960534 9.263158275042947 0
1756599003092 9.263158275042947 0
1756599056531 9.263158275042947 0
1756599144238 9.124091778562754 0
1756600896062 9.02450384003844 0
1756601383063 9.079389507388038 0
1756601421567 9.079389507388038 0
1756601889986 8.973597200194021 0
1756604661351 8.87045588698462 0
1756604675951 8.87045588698462 0
1756604690823 8.518314210630798 0
1756604707424 8.518314210630798 0
1756605221602 8.518314210630798 0
1756605329949 8.518314210630798 0
1756605370852 8.518314210630798 0
1756605482111 8.917322523926384 0
