1756598960534 -0.18466614946046112 0
1756599003092 -0.18466614946046112 0
1756599056531 -0.18466614946046112 0
1756599144238 -0.08571452631392962 0
1756600896062 -0.08330770635150353 0
1756601383063 -0.07541264629984656 0
1756601421567 -0.07541264629984656 0
1756601889986 -0.05786307160406112 0
1756604661351 -0.0007308021751322169 0
1756604675951 -0.0007308021751322169 0
1756604690823 0.004764481555285194 0
1756604707424 0.004764481555285194 0
1756605221602 0.004764481555285194 0
1756605329949 0.004764481555285194 0
1756605370852 0.004764481555285194 0
1756605482111 0.013231937856116982 0
