1756889503157 0.16438985310468787 0
1756889570486 0.15386770610137437 0
1756889602818 0.15386770610137437 0
1756889647624 0.15386770610137437 0
1756890357371 0.15386770610137437 0
1756890776109 0.15123294448932845 0
1756890806472 0.15123294448932845 0
1756891194966 0.15123294448932845 0
1756895316699 0.15123294448932845 0
1756895332354 0.15123294448932845 0
1756895345111 0.15123294448932845 0
1756895361163 0.15123294448932845 0
1756895601689 0.15123294448932845 0
1756895648623 0.15123294448932845 0
1756895670150 0.15123294448932845 0
1756895748342 0.15123294448932845 0
