1756989761638 0.9026687458496696 0
1756989831421 0.9026687458496696 0
1756989856088 0.9026687458496696 0
1756989875764 0.8724550514104195 0
1756990303029 0.6433941287941071 0
1756990330917 0.6349374999999979 0
1756990346895 0.6349374999999979 0
1756990375610 0.6349374999999979 0
1756990699413 0.5972862554112552 0
1756990726234 0.5972862554112552 0
1756990734131 0.5972862554112552 0
1756990760653 0.5972862554112552 0
1756991772341 0.5972862554112552 0
1756991897298 0.5972862554112552 0
1756991915303 0.5972862554112552 0
1756992059455 0.5972862554112552 0
