1756989761638 -0.3029517123569858 0
1756989831421 -0.3029517123569858 0
1756989856088 -0.3029517123569858 0
1756989875764 -0.05159285662886126 0
1756990303029 0.06038426911622674 0
1756990330917 0.07440661003984383 0
1756990346895 0.07440661003984383 0
1756990375610 0.07440661003984383 0
1756990699413 0.18827282742679197 0
1756990726234 0.18827282742679197 0
1756990734131 0.18827282742679197 0
1756990760653 0.18827282742679197 0
1756991772341 0.18827282742679197 0
1756991897298 0.18827282742679197 0
1756991915303 0.18827282742679197 0
1756992059455 0.18827282742679197 0
