1756989761638 1.660511448392227 0
1756989831421 1.660511448392227 0
1756989856088 1.660511448392227 0
1756989875764 1.4917688261733593 0
1756990303029 1.410109547906801 0
1756990330917 1.399548122386292 0
1756990346895 1.399548122386292 0
1756990375610 1.399548122386292 0
1756990699413 1.3106380008624023 0
1756990726234 1.3106380008624023 0
1756990734131 1.3106380008624023 0
1756990760653 1.3106380008624023 0
1756991772341 1.3106380008624023 0
1756991897298 1.3106380008624023 0
1756991915303 1.3106380008624023 0
1756992059455 1.3106380008624023 0
