1756989761638 0.10937541613627999 0
1756989831421 0.10937541613627999 0
1756989856088 0.10937541613627999 0
1756989875764 0.5821737812906691 0
1756990303029 0.06805775144368896 0
1756990330917 0.05716111584394773 0
1756990346895 0.05716111584394773 0
1756990375610 0.05716234514331079 0
1756990699413 0.24142141156790844 0
1756990726234 0.24142141156790844 0
1756990734131 0.24142141156790844 0
1756990760653 0.24142141156790844 0
1756991772341 0.24142141156790844 0
1756991897298 0.24142141156790844 0
1756991915303 0.24142141156790844 0
1756992059455 0.24142141156790844 0
