1756319317786 -284.83207453615483 0
1756319375521 -284.83207453615483 0
1756319400602 -270.1008502900233 0
1756319427979 -213.9156130179711 0
1756319860608 -142.3544822016278 0
1756319888609 -172.65849081864357 0
1756319904661 -172.65849081864357 0
1756319933550 -172.65849081864357 0
1756320271051 -172.65849081864357 0
1756320298785 -172.65849081864357 0
1756320305958 -172.65849081864357 0
1756320333910 -172.65849081864357 0
1756326863771 -131.36497822341605 0
1756328846543 -131.36497822341605 0
1756328864175 -131.36497822341605 0
1756329001115 -131.36497822341605 0
1756330260039 -131.36497822341605 0
1756330328992 -131.36497822341605 0
1756330367050 -131.36497822341605 0
1756330521171 -131.36497822341605 0
1756333693079 -131.36497822341605 0
1756334057279 -131.36497822341605 0
1756334079530 -131.36497822341605 0
1756334433095 -131.36497822341605 0
1756335410546 -131.36497822341605 0
1756335425840 -131.36497822341605 0
1756335439189 -131.36497822341605 0
1756335454635 -131.36497822341605 0
1756336659947 -131.36497822341605 0
1756336726573 -131.36497822341605 0
1756336760905 -131.36497822341605 0
1756336966966 -131.36497822341605 0
