1756319317786 13.673746059325625 0
1756319375521 13.673746059325625 0
1756319400602 13.673700150206914 0
1756319427979 9.39214447873422 0
1756319860608 8.739330072936218 0
1756319888609 8.682658536585366 0
1756319904661 8.682658536585366 0
1756319933550 8.682658536585366 0
1756320271051 8.682658536585366 0
1756320298785 8.682658536585366 0
1756320305958 8.682658536585366 0
1756320333910 8.682658536585366 0
1756326863771 8.19273906800805 0
1756328846543 8.19273906800805 0
1756328864175 8.19273906800805 0
1756329001115 8.19273906800805 0
1756330260039 8.19273906800805 0
1756330328992 8.19273906800805 0
1756330367050 8.19273906800805 0
1756330521171 8.19273906800805 0
1756333693079 8.19273906800805 0
1756334057279 8.19273906800805 0
1756334079530 8.19273906800805 0
1756334433095 8.19273906800805 0
1756335410546 8.19273906800805 0
1756335425840 8.19273906800805 0
1756335439189 8.19273906800805 0
1756335454635 8.19273906800805 0
1756336659947 8.19273906800805 0
1756336726573 8.19273906800805 0
1756336760905 8.19273906800805 0
1756336966966 8.19273906800805 0
