1756319317786 0.15821518626643183 0
1756319375521 0.15821518626643183 0
1756319400602 0.15821496224047926 0
1756319427979 0.009556553490421948 0
1756319860608 0.8692713487674602 0
1756319888609 0.8148430252601255 0
1756319904661 0.8148430252601255 0
1756319933550 0.8148430252601255 0
1756320271051 0.8148430252601255 0
1756320298785 0.8148430252601255 0
1756320305958 0.8148430252601255 0
1756320333910 0.8148430252601255 0
1756326863771 0.9040536784258593 0
1756328846543 0.9040536784258593 0
1756328864175 0.9040536784258593 0
1756329001115 0.9040536784258593 0
1756330260039 0.9040536784258593 0
1756330328992 0.9040536784258593 0
1756330367050 0.9040536784258593 0
1756330521171 0.9040536784258593 0
1756333693079 0.9040536784258593 0
1756334057279 0.9040536784258593 0
1756334079530 0.9040536784258593 0
1756334433095 0.9040536784258593 0
1756335410546 0.9040536784258593 0
1756335425840 0.9040536784258593 0
1756335439189 0.9040536784258593 0
1756335454635 0.9040536784258593 0
1756336659947 0.9040536784258593 0
1756336726573 0.9040536784258593 0
1756336760905 0.9040536784258593 0
1756336966966 0.9040536784258593 0
