1756464106718 0.431506783994416 0
1756464180708 0.431506783994416 0
1756464224715 0.431506783994416 0
1756464281682 0.431506783994416 0
1756468212136 0.431506783994416 0
1756468567493 0.431506783994416 0
1756468595437 0.431506783994416 0
1756468924033 0.431506783994416 0
1756469165393 0.431506783994416 0
1756469180421 0.431506783994416 0
1756469193927 0.431506783994416 0
1756469209813 0.431506783994416 0
1756470096364 0.431506783994416 0
1756470138118 0.431506783994416 0
1756470158014 0.431506783994416 0
1756470239347 0.431506783994416 0
