1757541051736 14.420987981349707 0
1757541119925 14.420987981349707 0
1757541153355 14.420987981343684 0
1757541204834 8.194035839425256 0
1757541690693 8.03038461538462 0
1757541717179 8.03038461538462 0
1757541733210 8.03038461538462 0
1757541760467 8.03038461538462 0
1757542069242 8.03038461538462 0
1757542094960 8.03038461538462 0
1757542102595 8.03038461538462 0
1757542128832 8.03038461538462 0
1757543077333 8.03038461538462 0
1757543192908 8.03038461538462 0
1757543210038 8.03038461538462 0
1757543343095 8.03038461538462 0
1757544641475 8.03038461538462 0
1757544722884 8.03038461538462 0
1757544750025 8.03038461538462 0
1757544820279 8.03038461538462 0
1757547709034 8.03038461538462 0
1757548149088 8.03038461538462 0
1757548178911 8.03038461538462 0
1757548591558 8.03038461538462 0
1757549484310 8.03038461538462 0
1757549497619 8.03038461538462 0
1757549511853 8.03038461538462 0
1757549527254 8.03038461538462 0
1757550747939 8.03038461538462 0
1757550866066 8.03038461538462 0
1757550894944 8.03038461538462 0
1757551004013 8.03038461538462 0
