1757541051736 -1.8416395127071699 0
1757541119925 -1.8416395127071699 0
1757541153355 -1.8416395127069496 0
1757541204834 -0.1480451046802358 0
1757541690693 0.009299346701163946 0
1757541717179 0.009299346701163946 0
1757541733210 0.009299346701163946 0
1757541760467 0.009299346701163946 0
1757542069242 0.009299346701163946 0
1757542094960 0.009299346701163946 0
1757542102595 0.009299346701163946 0
1757542128832 0.009299346701163946 0
1757543077333 0.009299346701163946 0
1757543192908 0.009299346701163946 0
1757543210038 0.009299346701163946 0
1757543343095 0.009299346701163946 0
1757544641475 0.009299346701163946 0
1757544722884 0.009299346701163946 0
1757544750025 0.009299346701163946 0
1757544820279 0.009299346701163946 0
1757547709034 0.009299346701163946 0
1757548149088 0.009299346701163946 0
1757548178911 0.009299346701163946 0
1757548591558 0.009299346701163946 0
1757549484310 0.009299346701163946 0
1757549497619 0.009299346701163946 0
1757549511853 0.009299346701163946 0
1757549527254 0.009299346701163946 0
1757550747939 0.009299346701163946 0
1757550866066 0.009299346701163946 0
1757550894944 0.009299346701163946 0
1757551004013 0.009299346701163946 0
