1757541051736 13.651428998142855 0
1757541119925 13.651428998142855 0
1757541153355 13.651428998145045 0
1757541204834 10.502534269814683 0
1757541690693 4.21889802631579 0
1757541717179 4.21889802631579 0
1757541733210 4.21889802631579 0
1757541760467 4.21889802631579 0
1757542069242 4.21889802631579 0
1757542094960 4.21889802631579 0
1757542102595 4.21889802631579 0
1757542128832 4.21889802631579 0
1757543077333 4.21889802631579 0
1757543192908 4.21889802631579 0
1757543210038 4.21889802631579 0
1757543343095 4.21889802631579 0
1757544641475 4.21889802631579 0
1757544722884 4.21889802631579 0
1757544750025 4.21889802631579 0
1757544820279 4.21889802631579 0
1757547709034 4.21889802631579 0
1757548149088 4.21889802631579 0
1757548178911 4.21889802631579 0
1757548591558 4.21889802631579 0
1757549484310 4.21889802631579 0
1757549497619 4.21889802631579 0
1757549511853 4.21889802631579 0
1757549527254 4.21889802631579 0
1757550747939 4.21889802631579 0
1757550866066 4.21889802631579 0
1757550894944 4.21889802631579 0
1757551004013 4.21889802631579 0
