1756291580631 -0.08092756339355733 0
1756291666340 0.2287567780708436 0
1756291693901 0.2287567780708436 0
1756291715810 -0.011086760542866392 0
1756292099169 0.804982742203348 0
1756292129229 0.804982742203348 0
1756292146585 0.804982742203348 0
1756292177302 0.804982742203348 0
1756292506587 0.804982742203348 0
1756292536876 0.804982742203348 0
1756292545356 0.804982742203348 0
1756292577742 0.804982742203348 0
1756293836511 0.804982742203348 0
1756293971299 0.38787343630899584 0
1756293992816 0.38787343630899584 0
1756294157306 0.38787343630899584 0
