1756825089722 4.0141194704218375 0
1756825209640 4.0141194704218375 0
1756825264638 4.0141194704218375 0
1756825456337 3.7692114253696074 0
1756829287682 3.437950070297009 0
1756829729861 3.437950070297009 0
1756829765450 3.437950070297009 0
1756830282498 3.437950070297009 0
1756831305769 3.437950070297009 0
1756831324233 3.437950070297009 0
1756831341095 3.437950070297009 0
1756831364985 3.437950070297009 0
1756832587334 3.437950070297009 0
1756832690155 3.437950070297009 0
1756832741567 3.437950070297009 0
1756832842168 3.437950070297009 0
