1757322748702 0.5220409491622906 0
1757322804138 0.5394017756474035 0
1757322844445 0.5394017756474035 0
1757322998191 0.5394017756474035 0
1757325910584 0.5394017756474035 0
1757326181234 0.5394017756474035 0
1757326219589 0.5394017756474035 0
1757326506861 0.5394017756474035 0
1757327818463 0.5394017756474035 0
1757327836180 0.5394017756474035 0
1757327853978 0.5394017756474035 0
1757327873840 0.5394017756474035 0
1757328887941 0.5394017756474035 0
1757329013415 0.5621387582532833 0
1757329039061 0.5621387582532833 0
1757329175639 0.5621387582532833 0
