1757322748702 5.2616592529309605 0
1757322804138 5.165216197754816 0
1757322844445 5.165216197754816 0
1757322998191 5.165216197754816 0
1757325910584 5.165216197754816 0
1757326181234 5.165216197754816 0
1757326219589 5.165216197754816 0
1757326506861 5.165216197754816 0
1757327818463 5.165216197754816 0
1757327836180 5.165216197754816 0
1757327853978 5.165216197754816 0
1757327873840 5.165216197754816 0
1757328887941 5.165216197754816 0
1757329013415 5.036114861645154 0
1757329039061 5.036114861645154 0
1757329175639 5.036114861645154 0
