1756303964195 -30.579549496708132 0
1756304041468 -30.579549496708132 0
1756304068888 -30.579549496708083 0
1756304088728 -30.579549496708083 0
1756304695129 -7.023962734135417 0
1756304725435 -7.023962734135417 0
1756304742506 -7.023962734135417 0
1756304771504 -7.023962734135417 0
1756305187916 -7.023962734135417 0
1756305220395 -7.023962734135417 0
1756305227260 -7.023962734135417 0
1756305257374 -7.023962734135417 0
1756305554598 -7.023962734135417 0
1756305661358 -7.023962734135417 0
1756305676968 -7.023962734135417 0
1756305800170 -7.023962734135417 0
