1756303964195 5.5298778916634435 0
1756304041468 5.5298778916634435 0
1756304068888 5.529877891663439 0
1756304088728 5.529877891663439 0
1756304695129 2.650275973202681 0
1756304725435 2.650275973202681 0
1756304742506 2.650275973202681 0
1756304771504 2.650275973202681 0
1756305187916 2.650275973202681 0
1756305220395 2.650275973202681 0
1756305227260 2.650275973202681 0
1756305257374 2.650275973202681 0
1756305554598 2.650275973202681 0
1756305661358 2.650275973202681 0
1756305676968 2.650275973202681 0
1756305800170 2.650275973202681 0
