1756738280534 -11.012076235696734 0
1756738363797 -15.48642533290025 0
1756738389957 -15.48642533290025 0
1756738420842 -1.6395878736681138 0
1756739012091 -1.6395878736681138 0
1756739043491 -1.6395878736681138 0
1756739059629 -1.6395878736681138 0
1756739090185 -1.6395878736681138 0
1756739454706 -1.6395878736681138 0
1756739487408 -1.6395878736681138 0
1756739494928 -1.6395878736681138 0
1756739528954 -1.6395878736681138 0
1756740031707 -1.6395878736681138 0
1756740154843 -1.6395878736681138 0
1756740171993 -1.6395878736681138 0
1756740317844 -1.6395878736681138 0
1756741559966 -1.6395878736681138 0
1756741626100 -1.6395878736681138 0
1756741665556 -1.6395878736681138 0
1756741752097 -1.6395878736681138 0
1756743412817 -1.6395878736681138 0
1756743878040 -1.6395878736681138 0
1756743912748 -1.6395878736681138 0
1756744357545 -1.6395878736681138 0
1756764795814 -1.6042189773969486 0
1756764809947 -1.6042189773969486 0
1756764822140 -1.6042189773969486 0
1756764836990 -1.6042189773969486 0
1756765259208 -1.6042189773969486 0
1756765332805 -1.6042189773969486 0
1756765356472 -1.6042189773969486 0
1756765472588 -1.6042189773969486 0
