1756738280534 7.324665579539677 0
1756738363797 7.027386233416756 0
1756738389957 7.027386233416756 0
1756738420842 5.0078663234607905 0
1756739012091 5.0078663234607905 0
1756739043491 5.0078663234607905 0
1756739059629 5.0078663234607905 0
1756739090185 5.0078663234607905 0
1756739454706 5.0078663234607905 0
1756739487408 5.0078663234607905 0
1756739494928 5.0078663234607905 0
1756739528954 5.0078663234607905 0
1756740031707 5.0078663234607905 0
1756740154843 5.0078663234607905 0
1756740171993 5.0078663234607905 0
1756740317844 5.0078663234607905 0
1756741559966 5.0078663234607905 0
1756741626100 5.0078663234607905 0
1756741665556 5.0078663234607905 0
1756741752097 5.0078663234607905 0
1756743412817 5.0078663234607905 0
1756743878040 5.0078663234607905 0
1756743912748 5.0078663234607905 0
1756744357545 5.0078663234607905 0
1756764795814 4.9619268923940325 0
1756764809947 4.9619268923940325 0
1756764822140 4.9619268923940325 0
1756764836990 4.9619268923940325 0
1756765259208 4.9619268923940325 0
1756765332805 4.9619268923940325 0
1756765356472 4.9619268923940325 0
1756765472588 4.9619268923940325 0
