1756738280534 -0.6874489218475643 0
1756738363797 -0.50723540002132 0
1756738389957 -0.50723540002132 0
1756738420842 0.04348075113419281 0
1756739012091 0.04348075113419281 0
1756739043491 0.04348075113419281 0
1756739059629 0.04348075113419281 0
1756739090185 0.04348075113419281 0
1756739454706 0.04348075113419281 0
1756739487408 0.04348075113419281 0
1756739494928 0.04348075113419281 0
1756739528954 0.04348075113419281 0
1756740031707 0.04348075113419281 0
1756740154843 0.04348075113419281 0
1756740171993 0.04348075113419281 0
1756740317844 0.04348075113419281 0
1756741559966 0.04348075113419281 0
1756741626100 0.04348075113419281 0
1756741665556 0.04348075113419281 0
1756741752097 0.04348075113419281 0
1756743412817 0.04348075113419281 0
1756743878040 0.04348075113419281 0
1756743912748 0.04348075113419281 0
1756744357545 0.04348075113419281 0
1756764795814 0.049551873410036196 0
1756764809947 0.049551873410036196 0
1756764822140 0.049551873410036196 0
1756764836990 0.049551873410036196 0
1756765259208 0.049551873410036196 0
1756765332805 0.049551873410036196 0
1756765356472 0.049551873410036196 0
1756765472588 0.049551873410036196 0
