1756738280534 2.904362016970336 0
1756738363797 2.744896499685386 0
1756738389957 2.744896499685386 0
1756738420842 2.186665170974152 0
1756739012091 2.186665170974152 0
1756739043491 2.186665170974152 0
1756739059629 2.186665170974152 0
1756739090185 2.186665170974152 0
1756739454706 2.186665170974152 0
1756739487408 2.186665170974152 0
1756739494928 2.186665170974152 0
1756739528954 2.186665170974152 0
1756740031707 2.186665170974152 0
1756740154843 2.186665170974152 0
1756740171993 2.186665170974152 0
1756740317844 2.186665170974152 0
1756741559966 2.186665170974152 0
1756741626100 2.186665170974152 0
1756741665556 2.186665170974152 0
1756741752097 2.186665170974152 0
1756743412817 2.186665170974152 0
1756743878040 2.186665170974152 0
1756743912748 2.186665170974152 0
1756744357545 2.186665170974152 0
1756764795814 2.179714634427508 0
1756764809947 2.179714634427508 0
1756764822140 2.179714634427508 0
1756764836990 2.179714634427508 0
1756765259208 2.179714634427508 0
1756765332805 2.179714634427508 0
1756765356472 2.179714634427508 0
1756765472588 2.179714634427508 0
