1756738117515 -0.007526229349696045 0
1756738198521 -0.8872577717680925 0
1756738232476 -0.8872577717680925 0
1756738255311 -0.8872577717680925 0
1756738923784 0.8724227752064349 0
1756738951909 0.8724227752064349 0
1756738967621 0.8724227752064349 0
1756738995452 0.8724227752064349 0
1756739377747 0.8724227752064349 0
1756739408053 0.8724227752064349 0
1756739416131 0.8724227752064349 0
1756739447008 0.8724227752064349 0
1756739772840 0.8724227752064349 0
1756739876412 0.8724227752064349 0
1756739892867 0.8724227752064349 0
1756740014390 0.8724227752064349 0
