1756318878242 -200.96642611634553 0
1756318943386 -200.96642611634553 0
1756318969711 -200.96642611635482 0
1756318996822 -213.29360683675955 0
1756319589422 -213.29360683675955 0
1756319616964 -213.29360683675955 0
1756319632680 -213.29360683675955 0
1756319660628 -213.29360683675955 0
1756320031894 -213.29360683675955 0
1756320059687 -213.29360683675955 0
1756320066403 -213.29360683675955 0
1756320095081 -213.29360683675955 0
1756320434135 -213.29360683675955 0
1756320540598 -213.29360683675955 0
1756320556594 -213.29360683675955 0
1756320679258 -213.29360683675955 0
1756329362212 -213.29360683675955 0
1756329462775 -210.26004027881635 0
1756329509431 -155.03676175649616 0
1756329646738 -155.03676175649616 0
1756330812894 -155.03676175649616 0
1756331110356 -155.03676175649616 0
1756331147596 -155.03676175649616 0
1756331530887 -155.03676175649616 0
1756335235322 -155.03676175649616 0
1756335249916 -155.03676175649616 0
1756335263350 -155.03676175649616 0
1756335278529 -155.03676175649616 0
1756335545799 -155.03676175649616 0
1756335644234 -155.03676175649616 0
1756335677166 -155.03676175649616 0
1756335751617 -155.03676175649616 0
