1756318878242 14.21810613565758 0
1756318943386 14.21810613565758 0
1756318969711 14.218106135653647 0
1756318996822 11.95917235604604 0
1756319589422 11.95917235604604 0
1756319616964 11.95917235604604 0
1756319632680 11.95917235604604 0
1756319660628 11.95917235604604 0
1756320031894 11.95917235604604 0
1756320059687 11.95917235604604 0
1756320066403 11.95917235604604 0
1756320095081 11.95917235604604 0
1756320434135 11.95917235604604 0
1756320540598 11.95917235604604 0
1756320556594 11.95917235604604 0
1756320679258 11.95917235604604 0
1756329362212 11.95917235604604 0
1756329462775 12.828125013987338 0
1756329509431 12.693560733875303 0
1756329646738 12.693560733875303 0
1756330812894 12.693560733875303 0
1756331110356 12.693560733875303 0
1756331147596 12.693560733875303 0
1756331530887 12.693560733875303 0
1756335235322 12.693560733875303 0
1756335249916 12.693560733875303 0
1756335263350 12.693560733875303 0
1756335278529 12.693560733875303 0
1756335545799 12.693560733875303 0
1756335644234 12.693560733875303 0
1756335677166 12.693560733875303 0
1756335751617 12.693560733875303 0
