1756318878242 -0.19397683600593063 0
1756318943386 -0.19397683600593063 0
1756318969711 -0.1939768360045122 0
1756318996822 -0.030174655732738476 0
1756319589422 -0.030174655732738476 0
1756319616964 -0.030174655732738476 0
1756319632680 -0.030174655732738476 0
1756319660628 -0.030174655732738476 0
1756320031894 -0.030174655732738476 0
1756320059687 -0.030174655732738476 0
1756320066403 -0.030174655732738476 0
1756320095081 -0.030174655732738476 0
1756320434135 -0.030174655732738476 0
1756320540598 -0.030174655732738476 0
1756320556594 -0.030174655732738476 0
1756320679258 -0.030174655732738476 0
1756329362212 -0.030174655732738476 0
1756329462775 0.04811009024538737 0
1756329509431 0.08617798111993813 0
1756329646738 0.08617798111993813 0
1756330812894 0.08617798111993813 0
1756331110356 0.08617798111993813 0
1756331147596 0.08617798111993813 0
1756331530887 0.08617798111993813 0
1756335235322 0.08617798111993813 0
1756335249916 0.08617798111993813 0
1756335263350 0.08617798111993813 0
1756335278529 0.08617798111993813 0
1756335545799 0.08617798111993813 0
1756335644234 0.08617798111993813 0
1756335677166 0.08617798111993813 0
1756335751617 0.08617798111993813 0
