1756803671788 -0.6598494650013507 0
1756803792023 -0.6598494650013507 0
1756803854693 -0.6567861971468573 0
1756803901965 -0.6567861971468573 0
1756806278094 -0.6567861971468573 0
1756806742882 -0.6556688052401836 0
1756806776992 -0.6556688052401836 0
1756807129709 -0.6556688052401836 0
1756808958151 -0.6556688052401836 0
1756808973627 -0.6556688052401836 0
1756808987266 -0.6556688052401836 0
1756809004414 -0.6556688052401836 0
1756809617001 -0.6556688052401836 0
1756809686973 -0.6556688052401836 0
1756809711056 -0.6556688052401836 0
1756809798939 -0.6556688052401836 0
