1756803671788 3.1269764529587936 0
1756803792023 3.1269764529587936 0
1756803854693 3.1268640203006837 0
1756803901965 3.1268640203006837 0
1756806278094 3.1268640203006837 0
1756806742882 3.113166302070936 0
1756806776992 3.113166302070936 0
1756807129709 3.113166302070936 0
1756808958151 3.113166302070936 0
1756808973627 3.113166302070936 0
1756808987266 3.113166302070936 0
1756809004414 3.113166302070936 0
1756809617001 3.113166302070936 0
1756809686973 3.113166302070936 0
1756809711056 3.113166302070936 0
1756809798939 3.113166302070936 0
