1756646300757 7.7415010887491285 0
1756646368240 5.79169346523127 0
1756646395439 4.305459004949825 0
1756646419109 2.899600881755972 0
1756646848568 2.8411613975284045 0
1756646875427 2.8411613975284045 0
1756646890841 2.8411613975284045 0
1756646917535 2.8411613975284045 0
1756647215387 2.8411613975284045 0
1756647238809 2.8411613975284045 0
1756647246033 2.8411613975284045 0
1756647270991 2.8411613975284045 0
1756648130703 2.794435025494768 0
1756648238144 2.794435025494768 0
1756648255230 2.794435025494768 0
1756648384608 2.794435025494768 0
