1756294384019 0.17193057139172674 0
1756294436121 0.30617317170016367 0
1756294462666 0.30617317170016367 0
1756294577673 0.30617317170016367 0
1756295900652 0.30617317170016367 0
1756296393152 0.30617317170016367 0
1756296420407 0.30617317170016367 0
1756296788700 0.30617317170016367 0
1756299574159 0.30617317170016367 0
1756299591838 0.30617317170016367 0
1756299608994 0.30617317170016367 0
1756299626516 0.30617317170016367 0
1756300294663 0.30617317170016367 0
1756300368797 0.30617317170016367 0
1756300400727 0.30617317170016367 0
1756300552222 0.30617317170016367 0
