1755565475519 6.476897342012667 0
1755565919885 6.494313625587552 0
1755566026608 5.746313045935432 0
1755568696797 5.746313045935432 0
1755574972558 5.746313045935432 0
1755576111088 5.746313045935432 0
1755576170904 5.746313045935432 0
1755577063414 5.746313045935432 0
1755580956452 5.746313045935432 0
1755580980776 5.746313045935432 0
1755581003751 5.746313045935432 0
1755581032221 5.746313045935432 0
1755583368851 5.746313045935432 0
1755583593144 5.746313045935432 0
1755583630440 5.746313045935432 0
1755583931560 5.746313045935432 0
