1755565475519 8.834799198375839 0
1755565919885 8.072438179854464 0
1755566026608 7.447693542905333 0
1755568696797 7.447693542905333 0
1755574972558 7.447693542905333 0
1755576111088 7.447693542905333 0
1755576170904 7.447693542905333 0
1755577063414 7.447693542905333 0
1755580956452 7.447693542905333 0
1755580980776 7.447693542905333 0
1755581003751 7.447693542905333 0
1755581032221 7.447693542905333 0
1755583368851 7.447693542905333 0
1755583593144 7.447693542905333 0
1755583630440 7.447693542905333 0
1755583931560 7.447693542905333 0
