1757058994615 -508480.0133419415 0
1757059089980 -571731.9696069413 0
1757059185249 -571731.9696069413 0
1757059334858 -392051.5756633155 0
1757060412447 -392051.5756633155 0
1757060442743 -379982.198369503 0
1757060459565 -379982.198369503 0
1757060490264 -379982.198369503 0
1757060817884 -379982.198369503 0
1757060850392 -379982.198369503 0
1757060858053 -379982.198369503 0
1757060891415 -379982.198369503 0
1757061637782 -379982.198369503 0
1757061779898 -379982.198369503 0
1757061798532 -379982.198369503 0
1757061972700 -379982.198369503 0
1757063478488 -379982.198369503 0
1757063542648 -379982.198369503 0
1757063617894 -379982.198369503 0
1757063705635 -379982.198369503 0
1757066226743 -379982.198369503 0
