1757058994615 690.9678126345369 0
1757059089980 675.2728731240355 0
1757059185249 675.2728731240355 0
1757059334858 522.712647602169 0
1757060412447 522.712647602169 0
1757060442743 501.6121857507163 0
1757060459565 501.6121857507163 0
1757060490264 501.6121857507163 0
1757060817884 501.6121857507163 0
1757060850392 501.6121857507163 0
1757060858053 501.6121857507163 0
1757060891415 501.6121857507163 0
1757061637782 501.6121857507163 0
1757061779898 501.6121857507163 0
1757061798532 501.6121857507163 0
1757061972700 501.6121857507163 0
1757063478488 501.6121857507163 0
1757063542648 501.6121857507163 0
1757063617894 501.6121857507163 0
1757063705635 501.6121857507163 0
1757066226743 501.6121857507163 0
1757066703817 480.35243280224194 0
1757066738516 480.35243280224194 0
1757067186799 480.35243280224194 0
1757068775016 480.35243280224194 0
1757068793533 480.35243280224194 0
1757068807980 480.35243280224194 0
1757068826838 480.35243280224194 0
1757069629432 480.35243280224194 0
1757069763255 480.35243280224194 0
1757069800223 480.35243280224194 0
1757069879075 480.35243280224194 0
