1757058994615 0.16159942997414722 0
1757059089980 -0.684695641285997 0
1757059185249 -0.684695641285997 0
1757059334858 -0.0062150766897211 0
1757060412447 -0.0062150766897211 0
1757060442743 0.48663652853461004 0
1757060459565 0.48663652853461004 0
1757060490264 0.48663652853461004 0
1757060817884 0.48663652853461004 0
1757060850392 0.48663652853461004 0
1757060858053 0.48663652853461004 0
1757060891415 0.48663652853461004 0
1757061637782 0.48663652853461004 0
1757061779898 0.48663652853461004 0
1757061798532 0.48663652853461004 0
1757061972700 0.48663652853461004 0
1757063478488 0.48663652853461004 0
1757063542648 0.48663652853461004 0
1757063617894 0.48663652853461004 0
1757063705635 0.48663652853461004 0
1757066226743 0.48663652853461004 0
