1757058994615 567.4549309651993 0
1757059089980 804.3893609530569 0
1757059185249 804.3893609530569 0
1757059334858 621.6572485665587 0
1757060412447 621.6572485665587 0
1757060442743 444.0358891125327 0
1757060459565 444.0358891125327 0
1757060490264 444.0358891125327 0
1757060817884 444.0358891125327 0
1757060850392 444.0358891125327 0
1757060858053 444.0358891125327 0
1757060891415 444.0358891125327 0
1757061637782 444.0358891125327 0
1757061779898 444.0358891125327 0
1757061798532 444.0358891125327 0
1757061972700 444.0358891125327 0
1757063478488 444.0358891125327 0
1757063542648 444.0358891125327 0
1757063617894 444.0358891125327 0
1757063705635 444.0358891125327 0
1757066226743 444.0358891125327 0
