1756365962291 183.30555981487862 0
1756365981498 130.4353040244807 0
1756366005553 130.4353040244807 0
1756366026456 84.77388969020325 0
1756366452470 84.77388969020325 0
1756366481765 84.77388969020325 0
1756366496966 84.77388969020325 0
1756366526598 84.77388969020325 0
1756366855189 84.77388969020325 0
1756366885191 84.77388969020325 0
1756366892213 84.77388969020325 0
1756366924153 84.77388969020325 0
1756367566624 84.77388969020325 0
1756367671515 84.95182936869358 0
1756367687591 84.95182936869358 0
1756367809067 84.95182936869358 0
