1756365962291 -2.8821944697560316 0
1756365981498 -0.7204693067679413 0
1756366005553 -0.7204693067679413 0
1756366026456 -0.016893521098661823 0
1756366452470 -0.016893521098661823 0
1756366481765 -0.016893521098661823 0
1756366496966 -0.016893521098661823 0
1756366526598 -0.016893521098661823 0
1756366855189 -0.016893521098661823 0
1756366885191 -0.016893521098661823 0
1756366892213 -0.016893521098661823 0
1756366924153 -0.016893521098661823 0
1756367566624 -0.016893521098661823 0
1756367671515 -0.011012693065766355 0
1756367687591 -0.011012693065766355 0
1756367809067 -0.011012693065766355 0
