1756365962291 0.3453738062330045 0
1756365981498 0.2299186591769544 0
1756366005553 0.2299186591769544 0
1756366026456 0.1767618318530798 0
1756366452470 0.1767618318530798 0
1756366481765 0.1767618318530798 0
1756366496966 0.1767618318530798 0
1756366526598 0.1767618318530798 0
1756366855189 0.1767618318530798 0
1756366885191 0.1767618318530798 0
1756366892213 0.1767618318530798 0
1756366924153 0.1767618318530798 0
1756367566624 0.1767618318530798 0
1756367671515 0.176249972363636 0
1756367687591 0.176249972363636 0
1756367809067 0.176249972363636 0
