1756365962291 0.21232530394279703 0
1756365981498 0.16336960721358318 0
1756366005553 0.16336960721358318 0
1756366026456 0.12401379368289704 0
1756366452470 0.12401379368289704 0
1756366481765 0.12401379368289704 0
1756366496966 0.12401379368289704 0
1756366526598 0.12401379368289704 0
1756366855189 0.12401379368289704 0
1756366885191 0.12401379368289704 0
1756366892213 0.12401379368289704 0
1756366924153 0.12401379368289704 0
1756367566624 0.12401379368289704 0
1756367671515 0.11294794264310849 0
1756367687591 0.11294794264310849 0
1756367809067 0.11294794264310849 0
