1756365962291 0.07887378942667007 0
1756365981498 0.04359044451859443 0
1756366005553 0.04359044451859443 0
1756366026456 0.02847110944806209 0
1756366452470 0.02847110944806209 0
1756366481765 0.02847110944806209 0
1756366496966 0.02847110944806209 0
1756366526598 0.02847110944806209 0
1756366855189 0.02847110944806209 0
1756366885191 0.02847110944806209 0
1756366892213 0.02847110944806209 0
1756366924153 0.02847110944806209 0
1756367566624 0.02847110944806209 0
1756367671515 0.02211938955978088 0
1756367687591 0.02211938955978088 0
1756367809067 0.02211938955978088 0
