1755542525086 -74.58788614919798 0
1755543560154 -111.20152901335541 0
1755543623958 -111.20152901335541 0
1755543770574 -111.20152901335541 0
1755545813508 -43.03307192401192 0
1755545869706 -43.917197660550954 0
1755545904069 -43.917197660550954 0
1755545963261 -43.9240639197714 0
1755546551293 -43.9240639197714 0
1755546596484 -43.9240639197714 0
1755546609082 -43.9240639197714 0
1755546656941 -43.9240639197714 0
1755555348709 -43.9240639197714 0
1755556590895 -43.9240639197714 0
1755556663541 -43.9240639197714 0
1755558012376 -43.9240639197714 0
1755568763472 -43.9240639197714 0
1755569386894 -43.9240639197714 0
1755569481992 -43.9240639197714 0
1755569985810 -43.9240639197714 0
1755577137108 -43.9240639197714 0
