1755542525086 -39.44113555172267 0
1755543560154 -32.64388250715822 0
1755543623958 -32.64388250715822 0
1755543770574 -32.64388250715822 0
1755545813508 -5.639191069469603 0
1755545869706 -16.33674877984563 0
1755545904069 -16.33674877984563 0
1755545963261 -16.33674877984563 0
1755546551293 -16.33674877984563 0
1755546596484 -16.33674877984563 0
1755546609082 -16.33674877984563 0
1755546656941 -16.33674877984563 0
1755555348709 -16.33674877984563 0
1755556590895 -16.33674877984563 0
1755556663541 -16.33674877984563 0
1755558012376 -16.33674877984563 0
1755568763472 -16.33674877984563 0
1755569386894 -16.33674877984563 0
1755569481992 -16.33674877984563 0
1755569985810 -16.33674877984563 0
1755577137108 -16.33674877984563 0
