1756552561709 -44.40755144064253 0
1756552633362 -44.40755144064253 0
1756552658227 -44.791063209768126 0
1756552683381 -44.791063209768126 0
1756553297168 -44.791063209768126 0
1756553324590 -44.791063209768126 0
1756553340004 -44.791063209768126 0
1756553368733 -44.791063209768126 0
1756553739888 -44.791063209768126 0
1756553769350 -44.791063209768126 0
1756553775961 -44.791063209768126 0
1756553806754 -44.791063209768126 0
1756554132451 -44.791063209768126 0
1756554235820 -40.92111439180204 0
1756554250793 -40.92111439180204 0
1756554375642 -40.92111439180204 0
