1756552561709 6.583520458205428 0
1756552633362 6.583520458205428 0
1756552658227 6.411236712374492 0
1756552683381 6.411236712374492 0
1756553297168 6.411236712374492 0
1756553324590 6.411236712374492 0
1756553340004 6.411236712374492 0
1756553368733 6.411236712374492 0
1756553739888 6.411236712374492 0
1756553769350 6.411236712374492 0
1756553775961 6.411236712374492 0
1756553806754 6.411236712374492 0
1756554132451 6.411236712374492 0
1756554235820 6.364291203303977 0
1756554250793 6.364291203303977 0
1756554375642 6.364291203303977 0
