1756552561709 5.298292169841368 0
1756552633362 5.298292169841368 0
1756552658227 4.869451916483554 0
1756552683381 4.869451916483554 0
1756553297168 4.869451916483554 0
1756553324590 4.869451916483554 0
1756553340004 4.869451916483554 0
1756553368733 4.869451916483554 0
1756553739888 4.869451916483554 0
1756553769350 4.869451916483554 0
1756553775961 4.869451916483554 0
1756553806754 4.869451916483554 0
1756554132451 4.869451916483554 0
1756554235820 4.583050988069766 0
1756554250793 4.583050988069766 0
1756554375642 4.583050988069766 0
