1756912097880 37.158083717804004 0
1756912147925 29.030059621986144 0
1756912169117 29.030059621986144 0
1756912191568 29.030059621986144 0
1756912573340 29.030059621986144 0
1756912603561 26.261260663268448 0
1756912620028 26.261260663268448 0
1756912649952 26.261260663268448 0
1756912951161 26.261260663268448 0
1756912980156 26.261260663268448 0
1756912989076 26.261260663268448 0
1756913019420 26.261260663268448 0
1756914163757 26.261260663268448 0
1756914269965 26.261260663268448 0
1756914287445 26.261260663268448 0
1756914407139 26.261260663268448 0
1756915159080 26.261260663268448 0
1756915190848 26.261260663268448 0
1756915223522 26.261260663268448 0
1756915261227 26.261260663268448 0
1756918760514 26.261260663268448 0
1756919151398 26.261260663268448 0
1756919187716 26.261260663268448 0
1756919615518 26.261260663268448 0
1756919866717 26.261260663268448 0
1756919880381 26.261260663268448 0
1756919893955 26.261260663268448 0
1756919908425 26.261260663268448 0
1756920733088 26.261260663268448 0
1756920811982 26.261260663268448 0
1756920841002 26.261260663268448 0
1756920922001 26.261260663268448 0
