1756912097880 1.8293407305793625 0
1756912147925 1.2463340215458536 0
1756912169117 1.2463340215458536 0
1756912191568 1.2463340215458536 0
1756912573340 1.2463340215458536 0
1756912603561 1.1256337186166925 0
1756912620028 1.1256337186166925 0
1756912649952 1.1256337186166925 0
1756912951161 1.1256337186166925 0
1756912980156 1.1256337186166925 0
1756912989076 1.1256337186166925 0
1756913019420 1.1256337186166925 0
1756914163757 1.1256337186166925 0
1756914269965 1.1256337186166925 0
1756914287445 1.1256337186166925 0
1756914407139 1.1256337186166925 0
1756915159080 1.1256337186166925 0
1756915190848 1.1256337186166925 0
1756915223522 1.1256337186166925 0
1756915261227 1.1256337186166925 0
1756918760514 1.1256337186166925 0
1756919151398 1.1256337186166925 0
1756919187716 1.1256337186166925 0
1756919615518 1.1256337186166925 0
1756919866717 1.1256337186166925 0
1756919880381 1.1256337186166925 0
1756919893955 1.1256337186166925 0
1756919908425 1.1256337186166925 0
1756920733088 1.1256337186166925 0
1756920811982 1.1256337186166925 0
1756920841002 1.1256337186166925 0
1756920922001 1.1256337186166925 0
