1756912097880 1.370560130999686 0
1756912147925 1.1803099103511208 0
1756912169117 1.1803099103511208 0
1756912191568 1.1803099103511208 0
1756912573340 1.1803099103511208 0
1756912603561 0.8077380794701988 0
1756912620028 0.8077380794701988 0
1756912649952 0.8077380794701988 0
1756912951161 0.8077380794701988 0
1756912980156 0.8077380794701988 0
1756912989076 0.8077380794701988 0
1756913019420 0.8077380794701988 0
1756914163757 0.8077380794701988 0
1756914269965 0.8077380794701988 0
1756914287445 0.8077380794701988 0
1756914407139 0.8077380794701988 0
1756915159080 0.8077380794701988 0
1756915190848 0.8077380794701988 0
1756915223522 0.8077380794701988 0
1756915261227 0.8077380794701988 0
1756918760514 0.8077380794701988 0
1756919151398 0.8077380794701988 0
1756919187716 0.8077380794701988 0
1756919615518 0.8077380794701988 0
1756919866717 0.8077380794701988 0
1756919880381 0.8077380794701988 0
1756919893955 0.8077380794701988 0
1756919908425 0.8077380794701988 0
1756920733088 0.8077380794701988 0
1756920811982 0.8077380794701988 0
1756920841002 0.8077380794701988 0
1756920922001 0.8077380794701988 0
