1756912097880 -4.328678296896095 0
1756912147925 -3.232681171887895 0
1756912169117 -3.232681171887895 0
1756912191568 -3.232681171887895 0
1756912573340 -3.232681171887895 0
1756912603561 -1.6425278476324512 0
1756912620028 -1.6425278476324512 0
1756912649952 -1.6425278476324512 0
1756912951161 -1.6425278476324512 0
1756912980156 -1.6425278476324512 0
1756912989076 -1.6425278476324512 0
1756913019420 -1.6425278476324512 0
1756914163757 -1.6425278476324512 0
1756914269965 -1.6425278476324512 0
1756914287445 -1.6425278476324512 0
1756914407139 -1.6425278476324512 0
1756915159080 -1.6425278476324512 0
1756915190848 -1.6425278476324512 0
1756915223522 -1.6425278476324512 0
1756915261227 -1.6425278476324512 0
1756918760514 -1.6425278476324512 0
1756919151398 -1.6425278476324512 0
1756919187716 -1.6425278476324512 0
1756919615518 -1.6425278476324512 0
1756919866717 -1.6425278476324512 0
1756919880381 -1.6425278476324512 0
1756919893955 -1.6425278476324512 0
1756919908425 -1.6425278476324512 0
1756920733088 -1.6425278476324512 0
1756920811982 -1.6425278476324512 0
1756920841002 -1.6425278476324512 0
1756920922001 -1.6425278476324512 0
