1756595630841 10.779779890794385 0
1756595708698 10.779779890794385 0
1756595738053 10.779779890794385 0
1756595760909 8.9532146671259 0
1756596328704 8.9532146671259 0
1756596355966 8.9532146671259 0
1756596371366 8.9532146671259 0
1756596399181 8.9532146671259 0
1756596769401 8.9532146671259 0
1756596801528 8.9532146671259 0
1756596808240 8.9532146671259 0
1756596842128 8.9532146671259 0
1756597169057 8.9532146671259 0
1756597276975 8.9532146671259 0
1756597292568 8.9532146671259 0
1756597420495 8.9532146671259 0
1756598741501 8.9532146671259 0
1756598773400 8.9532146671259 0
1756598855219 8.9532146671259 0
1756598929832 8.9532146671259 0
1756600080663 8.9532146671259 0
1756600459360 8.9532146671259 0
1756600497309 8.9532146671259 0
1756600860556 8.9532146671259 0
1756604600973 8.9532146671259 0
1756604617952 8.9532146671259 0
1756604630463 8.9532146671259 0
1756604647960 8.9532146671259 0
1756604926750 8.9532146671259 0
1756605019663 8.9532146671259 0
1756605051357 8.9532146671259 0
1756605184615 8.9532146671259 0
