1756595630841 5.696492190040114 0
1756595708698 5.696492190040114 0
1756595738053 5.696492190040114 0
1756595760909 4.742969311558596 0
1756596328704 4.742969311558596 0
1756596355966 4.742969311558596 0
1756596371366 4.742969311558596 0
1756596399181 4.742969311558596 0
1756596769401 4.742969311558596 0
1756596801528 4.742969311558596 0
1756596808240 4.742969311558596 0
1756596842128 4.742969311558596 0
1756597169057 4.742969311558596 0
1756597276975 4.742969311558596 0
1756597292568 4.742969311558596 0
1756597420495 4.742969311558596 0
1756598741501 4.742969311558596 0
1756598773400 4.742969311558596 0
1756598855219 4.742969311558596 0
1756598929832 4.742969311558596 0
1756600080663 4.742969311558596 0
1756600459360 4.742969311558596 0
1756600497309 4.742969311558596 0
1756600860556 4.742969311558596 0
1756604600973 4.742969311558596 0
1756604617952 4.742969311558596 0
1756604630463 4.742969311558596 0
1756604647960 4.742969311558596 0
1756604926750 4.742969311558596 0
1756605019663 4.742969311558596 0
1756605051357 4.742969311558596 0
1756605184615 4.742969311558596 0
