1756595630841 0.06862134855754132 0
1756595708698 0.06862134855754132 0
1756595738053 0.06862134855754132 0
1756595760909 0.03612411395385984 0
1756596328704 0.03612411395385984 0
1756596355966 0.03612411395385984 0
1756596371366 0.03612411395385984 0
1756596399181 0.03612411395385984 0
1756596769401 0.03612411395385984 0
1756596801528 0.03612411395385984 0
1756596808240 0.03612411395385984 0
1756596842128 0.03612411395385984 0
1756597169057 0.03612411395385984 0
1756597276975 0.03612411395385984 0
1756597292568 0.03612411395385984 0
1756597420495 0.03612411395385984 0
1756598741501 0.03612411395385984 0
1756598773400 0.03612411395385984 0
1756598855219 0.03612411395385984 0
1756598929832 0.03612411395385984 0
1756600080663 0.03612411395385984 0
1756600459360 0.03612411395385984 0
1756600497309 0.03612411395385984 0
1756600860556 0.03612411395385984 0
1756604600973 0.03612411395385984 0
1756604617952 0.03612411395385984 0
1756604630463 0.03612411395385984 0
1756604647960 0.03612411395385984 0
1756604926750 0.03612411395385984 0
1756605019663 0.03612411395385984 0
1756605051357 0.03612411395385984 0
1756605184615 0.03612411395385984 0
