1756886889292 -0.07958371782668455 0
1756886907464 -0.11577226456493594 0
1756886933637 -0.11577226456493594 0
1756886956683 -0.04601965491798784 0
1756887355371 -0.04601965491798784 0
1756887385864 -0.046202051071969695 0
1756887402849 -0.046202051071969695 0
1756887432159 -0.046202051071969695 0
1756887779806 -0.046202051071969695 0
1756887807892 -0.046202051071969695 0
1756887815640 -0.046202051071969695 0
1756887844818 -0.046202051071969695 0
1756888579876 -0.03817726569807424 0
1756888706479 -0.03817726569807424 0
1756888723498 -0.03817726569807424 0
1756888872001 -0.03817726569807424 0
