1756886889292 61.62709959840009 0
1756886907464 44.31073208618182 0
1756886933637 44.31073208618182 0
1756886956683 30.178002086740523 0
1756887355371 30.178002086740523 0
1756887385864 32.61267181873893 0
1756887402849 32.61267181873893 0
1756887432159 32.61267181873893 0
1756887779806 32.61267181873893 0
1756887807892 32.61267181873893 0
1756887815640 32.61267181873893 0
1756887844818 32.61267181873893 0
1756888579876 32.954185224763826 0
1756888706479 32.954185224763826 0
1756888723498 32.954185224763826 0
1756888872001 32.954185224763826 0
