1756886889292 0.33636562219193866 0
1756886907464 0.2505375110947356 0
1756886933637 0.2505375110947356 0
1756886956683 0.21380528559936546 0
1756887355371 0.21380528559936546 0
1756887385864 0.14830447218748474 0
1756887402849 0.14830447218748474 0
1756887432159 0.14830447218748474 0
1756887779806 0.14830447218748474 0
1756887807892 0.14830447218748474 0
1756887815640 0.14830447218748474 0
1756887844818 0.14830447218748474 0
1756888579876 0.07866363857100325 0
1756888706479 0.07866363857100325 0
1756888723498 0.07866363857100325 0
1756888872001 0.07866363857100325 0
