1756886889292 -1.5480530226641163 0
1756886907464 -0.4136137885180746 0
1756886933637 -0.4136137885180746 0
1756886956683 -0.029489994518291374 0
1756887355371 -0.029489994518291374 0
1756887385864 0.504671005660237 0
1756887402849 0.504671005660237 0
1756887432159 0.504671005660237 0
1756887779806 0.504671005660237 0
1756887807892 0.504671005660237 0
1756887815640 0.504671005660237 0
1756887844818 0.504671005660237 0
1756888579876 0.8606415469733042 0
1756888706479 0.8606415469733042 0
1756888723498 0.8606415469733042 0
1756888872001 0.8606415469733042 0
