1756730675761 -0.3851174408184079 0
1756730723674 -0.37827078916340123 0
1756730753624 -0.37827078916340123 0
1756730811457 -0.37827078916340123 0
1756734820384 -0.37827078916340123 0
1756735215618 -0.37827078916340123 0
1756735246752 -0.37827078916340123 0
1756735809813 -0.37827078916340123 0
1756736061217 -0.37827078916340123 0
1756736076524 -0.37827078916340123 0
1756736089387 -0.37827078916340123 0
1756736108497 -0.37827078916340123 0
1756736950038 -0.37827078916340123 0
1756736990685 -0.37827078916340123 0
1756737018517 -0.37827078916340123 0
1756737112104 -0.37827078916340123 0
