1756460277779 92.57457764529553 0
1756460349287 92.76378771916725 0
1756460378522 92.76378771916725 0
1756460398839 92.76378771916725 0
1756460944022 91.9017003467039 0
1756460970543 91.9017003467039 0
1756460985653 91.9017003467039 0
1756461013145 91.9017003467039 0
1756461367291 91.58298634641389 0
1756461396537 91.58298634641389 0
1756461403110 91.58298634641389 0
1756461434242 91.58298634641389 0
1756461728889 91.58298634641389 0
1756461831524 91.58298634641389 0
1756461848850 91.58298634641389 0
1756461974661 91.58298634641389 0
1756463224982 91.58298634641389 0
1756463289358 91.58298634641389 0
1756463317774 91.58298634641389 0
1756463374836 91.58298634641389 0
1756464315192 91.58298634641389 0
1756464800671 91.58298634641389 0
1756464834270 91.58298634641389 0
1756465297291 91.58298634641389 0
1756468937470 91.58298634641389 0
1756468952735 91.58298634641389 0
1756468965262 91.58298634641389 0
1756468982189 91.58298634641389 0
1756469232045 91.58298634641389 0
1756469292847 91.58298634641389 0
1756469316768 91.58298634641389 0
1756469420323 91.58298634641389 0
