1756319164861 -252.41290669595531 0
1756319236482 -252.41290669595531 0
1756319263411 -252.4129066959551 0
1756319292268 -220.28882417479522 0
1756319764968 -220.28882417479522 0
1756319796658 -220.28882417479522 0
1756319812781 -220.28882417479522 0
1756319844867 -220.28882417479522 0
1756320172019 -220.28882417479522 0
1756320213086 -220.28882417479522 0
1756320220069 -220.28882417479522 0
1756320263540 -220.28882417479522 0
1756320998163 -220.28882417479522 0
1756322988907 -220.28882417479522 0
1756323930725 -220.28882417479522 0
1756326846944 -220.28882417479522 0
1756329956835 -220.28882417479522 0
1756330036739 -220.28882417479522 0
1756330116423 -220.28882417479522 0
1756330197555 -220.28882417479522 0
1756332712855 -220.28882417479522 0
1756333138008 -220.28882417479522 0
1756333163072 -220.28882417479522 0
1756333666070 -220.28882417479522 0
1756335346929 -220.28882417479522 0
1756335366036 -220.28882417479522 0
1756335380584 -220.28882417479522 0
1756335397013 -220.28882417479522 0
1756336400598 -220.28882417479522 0
1756336493996 -220.28882417479522 0
1756336531651 -220.28882417479522 0
1756336618868 -220.28882417479522 0
