1756319164861 16.959974405375124 0
1756319236482 16.959974405375124 0
1756319263411 16.959974405375092 0
1756319292268 13.476545646948368 0
1756319764968 13.476545646948368 0
1756319796658 13.476545646948368 0
1756319812781 13.476545646948368 0
1756319844867 13.476545646948368 0
1756320172019 13.476545646948368 0
1756320213086 13.476545646948368 0
1756320220069 13.476545646948368 0
1756320263540 13.476545646948368 0
1756320998163 13.476545646948368 0
1756322988907 13.476545646948368 0
1756323930725 13.476545646948368 0
1756326846944 13.476545646948368 0
1756329956835 13.476545646948368 0
1756330036739 13.476545646948368 0
1756330116423 13.476545646948368 0
1756330197555 13.476545646948368 0
1756332712855 13.476545646948368 0
1756333138008 13.476545646948368 0
1756333163072 13.476545646948368 0
1756333666070 13.476545646948368 0
1756335346929 13.476545646948368 0
1756335366036 13.476545646948368 0
1756335380584 13.476545646948368 0
1756335397013 13.476545646948368 0
1756336400598 13.476545646948368 0
1756336493996 13.476545646948368 0
1756336531651 13.476545646948368 0
1756336618868 13.476545646948368 0
