1756319164861 8.266270921601306 0
1756319236482 8.266270921601306 0
1756319263411 8.26627092160131 0
1756319292268 10.666615385365407 0
1756319764968 10.666615385365407 0
1756319796658 10.666615385365407 0
1756319812781 10.666615385365407 0
1756319844867 10.666615385365407 0
1756320172019 10.666615385365407 0
1756320213086 10.666615385365407 0
1756320220069 10.666615385365407 0
1756320263540 10.666615385365407 0
1756320998163 10.666615385365407 0
1756322988907 10.666615385365407 0
1756323930725 10.666615385365407 0
1756326846944 10.666615385365407 0
1756329956835 10.666615385365407 0
1756330036739 10.666615385365407 0
1756330116423 10.666615385365407 0
1756330197555 10.666615385365407 0
1756332712855 10.666615385365407 0
1756333138008 10.666615385365407 0
1756333163072 10.666615385365407 0
1756333666070 10.666615385365407 0
1756335346929 10.666615385365407 0
1756335366036 10.666615385365407 0
1756335380584 10.666615385365407 0
1756335397013 10.666615385365407 0
1756336400598 10.666615385365407 0
1756336493996 10.666615385365407 0
1756336531651 10.666615385365407 0
1756336618868 10.666615385365407 0
