1756319164861 -118.99037573461355 0
1756319236482 -118.99037573461355 0
1756319263411 -118.99037573461351 0
1756319292268 -224.22790297271922 0
1756319764968 -224.22790297271922 0
1756319796658 -224.22790297271922 0
1756319812781 -224.22790297271922 0
1756319844867 -224.22790297271922 0
1756320172019 -224.22790297271922 0
1756320213086 -224.22790297271922 0
1756320220069 -224.22790297271922 0
1756320263540 -224.22790297271922 0
1756320998163 -224.22790297271922 0
1756322988907 -224.22790297271922 0
1756323930725 -224.22790297271922 0
1756326846944 -224.22790297271922 0
1756329956835 -224.22790297271922 0
1756330036739 -224.22790297271922 0
1756330116423 -224.22790297271922 0
1756330197555 -224.22790297271922 0
1756332712855 -224.22790297271922 0
1756333138008 -224.22790297271922 0
1756333163072 -224.22790297271922 0
1756333666070 -224.22790297271922 0
1756335346929 -224.22790297271922 0
1756335366036 -224.22790297271922 0
1756335380584 -224.22790297271922 0
1756335397013 -224.22790297271922 0
1756336400598 -224.22790297271922 0
1756336493996 -224.22790297271922 0
1756336531651 -224.22790297271922 0
1756336618868 -224.22790297271922 0
