1756460415635 -0.16094592064117957 0
1756460474178 -0.16094592064117957 0
1756460491410 -0.16094592064108149 0
1756460513691 -0.11616395809773243 0
1756461028163 -0.11616395809773243 0
1756461057007 -0.1039845788304925 0
1756461072429 -0.1039845788304925 0
1756461101975 -0.1039870628304925 0
1756461440513 -0.1039870628304925 0
1756461470967 -0.15037847813880262 0
1756461477677 -0.15037847813880262 0
1756461510242 -0.15037847813880262 0
1756461991072 -0.15037847813880262 0
1756462119547 -0.15037847813880262 0
1756462136300 -0.15037847813880262 0
1756462284054 -0.15037847813880262 0
