1756460415635 0.2310353279411882 0
1756460474178 0.2310353279411882 0
1756460491410 0.2310353279411822 0
1756460513691 -0.006015232904396983 0
1756461028163 -0.006015232904396983 0
1756461057007 0.8473850073964091 0
1756461072429 0.8473850073964091 0
1756461101975 0.8473850073964091 0
1756461440513 0.8473850073964091 0
1756461470967 0.77331953060016 0
1756461477677 0.77331953060016 0
1756461510242 0.77331953060016 0
1756461991072 0.77331953060016 0
1756462119547 0.77331953060016 0
1756462136300 0.77331953060016 0
1756462284054 0.77331953060016 0
