1756972955162 234.45178602306228 0
1756973021652 41.51542312114933 0
1756973058910 41.51542312114933 0
1756973116861 37.897412009865285 0
1756973817047 37.897412009865285 0
1756973845057 37.897412009865285 0
1756973860840 37.897412009865285 0
1756973889685 37.897412009865285 0
1756974247428 37.897412009865285 0
1756974275023 37.897412009865285 0
1756974282571 37.897412009865285 0
1756974310363 37.897412009865285 0
1756974829767 37.897412009865285 0
1756974969164 37.897412009865285 0
1756974987244 37.897412009865285 0
1756975149480 37.897412009865285 0
