1756599191040 3.5065831912708982 0
1756599298339 3.5065831912708982 0
1756599360828 3.5065496244808174 0
1756599451183 3.382653234754236 0
1756601921648 3.382653234754236 0
1756602424341 3.382653234754236 0
1756602458709 3.382653234754236 0
1756602980478 3.382653234754236 0
1756604722777 3.382653234754236 0
1756604740571 3.382653234754236 0
1756604755320 3.382653234754236 0
1756604771278 3.382653234754236 0
1756605520087 3.382653234754236 0
1756605595418 3.382653234754236 0
1756605622534 3.382653234754236 0
1756605720519 3.382653234754236 0
