1756599191040 4.532131511682189 0
1756599298339 4.532131511682189 0
1756599360828 4.531908143549262 0
1756599451183 4.518451934320195 0
1756601921648 4.518451934320195 0
1756602424341 4.518451934320195 0
1756602458709 4.518451934320195 0
1756602980478 4.518451934320195 0
1756604722777 4.518451934320195 0
1756604740571 4.518451934320195 0
1756604755320 4.518451934320195 0
1756604771278 4.518451934320195 0
1756605520087 4.518451934320195 0
1756605595418 4.518451934320195 0
1756605622534 4.518451934320195 0
1756605720519 4.518451934320195 0
