1756235972251 7.627137615183895 0
1756236052074 7.627137615183895 0
1756236080880 7.627137615183797 0
1756236109055 6.950358288418374 0
1756236494113 6.6182047436604226 0
1756236521955 6.6182047436604226 0
1756236538593 6.6182047436604226 0
1756236567265 6.6182047436604226 0
1756238408976 6.6182047436604226 0
1756238435581 6.6182047436604226 0
1756238443426 6.6182047436604226 0
1756238472031 6.6182047436604226 0
1756239840321 6.4259965532868835 0
1756239970673 6.4259965532868835 0
1756239989664 6.4259965532868835 0
1756240136582 6.4259965532868835 0
1756241259379 6.4259965532868835 0
1756241302942 6.4259965532868835 0
1756241335508 6.4259965532868835 0
1756241504058 6.4259965532868835 0
1756244757067 6.4259965532868835 0
1756245095077 6.4259965532868835 0
1756245127754 6.4259965532868835 0
1756245435546 6.4259965532868835 0
1756245715745 6.4259965532868835 0
1756245732937 6.4259965532868835 0
1756245749328 6.4259965532868835 0
1756245767042 6.4259965532868835 0
1756247112602 6.4259965532868835 0
1756247214520 6.4259965532868835 0
1756247245599 6.4259965532868835 0
1756247367419 6.4259965532868835 0
