1756235972251 0.1610941668039253 0
1756236052074 0.1610941668039253 0
1756236080880 0.16109416680391841 0
1756236109055 -0.0020630022030934114 0
1756236494113 0.5022343865939711 0
1756236521955 0.5022343865939711 0
1756236538593 0.5022343865939711 0
1756236567265 0.5022343865939711 0
1756238408976 0.5022343865939711 0
1756238435581 0.5022343865939711 0
1756238443426 0.5022343865939711 0
1756238472031 0.5022343865939711 0
1756239840321 0.6248472336147978 0
1756239970673 0.6248472336147978 0
1756239989664 0.6248472336147978 0
1756240136582 0.6248472336147978 0
1756241259379 0.6248472336147978 0
1756241302942 0.6248472336147978 0
1756241335508 0.6248472336147978 0
1756241504058 0.6248472336147978 0
1756244757067 0.6248472336147978 0
1756245095077 0.6248472336147978 0
1756245127754 0.6248472336147978 0
1756245435546 0.6248472336147978 0
1756245715745 0.6248472336147978 0
1756245732937 0.6248472336147978 0
1756245749328 0.6248472336147978 0
1756245767042 0.6248472336147978 0
1756247112602 0.6248472336147978 0
1756247214520 0.6248472336147978 0
1756247245599 0.6248472336147978 0
1756247367419 0.6248472336147978 0
