1756716555872 1.3141636278208568 0
1756716613424 1.3141636278208568 0
1756716635772 1.3141636278208568 0
1756716655046 1.3478731120369303 0
1756717057199 0.4403499689791801 0
1756717084689 0.4403499689791801 0
1756717101223 0.4403499689791801 0
1756717129925 0.4403499689791801 0
1756717436199 0.4403499689791801 0
1756717462209 0.4403499689791801 0
1756717469688 0.4403499689791801 0
1756717497769 0.4403499689791801 0
1756718474815 0.4403499689791801 0
1756718588513 0.4403499689791801 0
1756718604626 0.4403499689791801 0
1756718734927 0.4403499689791801 0
1756719796371 0.4403499689791801 0
1756719822247 0.4403499689791801 0
1756719882501 0.4403499689791801 0
1756719920973 0.4403499689791801 0
