1755890451234 8.280036473971254 0
1755891436274 8.280036473971254 0
1755891486346 8.280036473971254 0
1755891603700 7.964916856750087 0
1755892264421 7.964916856750087 0
1755892313741 7.964916856750087 0
1755892342404 7.964916856750087 0
1755892392704 7.964916856750087 0
1755892844005 7.964916856750087 0
1755892885459 7.964916856750087 0
1755892896170 7.964916856750087 0
1755892940648 7.964916856750087 0
1755896645570 7.713757754594852 0
1755897019901 7.713757754594852 0
1755897039538 7.713757754594852 0
1755897462176 7.713757754594852 0
1755903974687 7.713757754594852 0
1755904555056 7.713757754594852 0
1755904609059 7.713757754594852 0
1755905611386 7.713757754594852 0
1755912295325 7.713757754594852 0
1755913222022 7.713757754594852 0
1755913302306 7.713757754594852 0
1755914256963 7.713757754594852 0
1755914641395 7.713757754594852 0
1755914662235 7.713757754594852 0
1755914682412 7.713757754594852 0
1755914705769 7.713757754594852 0
1755918142149 7.713757754594852 0
1755918417008 7.713757754594852 0
1755918461995 7.713757754594852 0
1755918848767 7.713757754594852 0
