1755890451234 21.094332520357696 0
1755891436274 21.094332520357696 0
1755891486346 21.094332520357696 0
1755891603700 19.9520475939406 0
1755892264421 19.9520475939406 0
1755892313741 19.9520475939406 0
1755892342404 19.9520475939406 0
1755892392704 19.9520475939406 0
1755892844005 19.9520475939406 0
1755892885459 19.9520475939406 0
1755892896170 19.9520475939406 0
1755892940648 19.9520475939406 0
1755896645570 19.50805574701282 0
1755897019901 19.50805574701282 0
1755897039538 19.50805574701282 0
1755897462176 19.50805574701282 0
1755903974687 19.50805574701282 0
1755904555056 19.50805574701282 0
1755904609059 19.50805574701282 0
1755905611386 19.50805574701282 0
1755912295325 19.50805574701282 0
1755913222022 19.50805574701282 0
1755913302306 19.50805574701282 0
1755914256963 19.50805574701282 0
1755914641395 19.50805574701282 0
1755914662235 19.50805574701282 0
1755914682412 19.50805574701282 0
1755914705769 19.50805574701282 0
1755918142149 19.50805574701282 0
1755918417008 19.50805574701282 0
1755918461995 19.50805574701282 0
1755918848767 19.50805574701282 0
