1755890451234 10.179567366792588 0
1755891436274 10.179567366792588 0
1755891486346 10.179567366792588 0
1755891603700 9.869194886860262 0
1755892264421 9.869194886860262 0
1755892313741 9.869194886860262 0
1755892342404 9.869194886860262 0
1755892392704 9.869194886860262 0
1755892844005 9.869194886860262 0
1755892885459 9.869194886860262 0
1755892896170 9.869194886860262 0
1755892940648 9.869194886860262 0
1755896645570 9.63667035743107 0
1755897019901 9.63667035743107 0
1755897039538 9.63667035743107 0
1755897462176 9.63667035743107 0
1755903974687 9.63667035743107 0
1755904555056 9.63667035743107 0
1755904609059 9.63667035743107 0
1755905611386 9.63667035743107 0
1755912295325 9.63667035743107 0
1755913222022 9.63667035743107 0
1755913302306 9.63667035743107 0
1755914256963 9.63667035743107 0
1755914641395 9.63667035743107 0
1755914662235 9.63667035743107 0
1755914682412 9.63667035743107 0
1755914705769 9.63667035743107 0
1755918142149 9.63667035743107 0
1755918417008 9.63667035743107 0
1755918461995 9.63667035743107 0
1755918848767 9.63667035743107 0
