1755890451234 -75.3635939109682 0
1755891436274 -75.3635939109682 0
1755891486346 -75.3635939109682 0
1755891603700 -77.21471395837165 0
1755892264421 -77.21471395837165 0
1755892313741 -77.21471395837165 0
1755892342404 -77.21471395837165 0
1755892392704 -77.21471395837165 0
1755892844005 -77.21471395837165 0
1755892885459 -77.21471395837165 0
1755892896170 -77.21471395837165 0
1755892940648 -77.21471395837165 0
1755896645570 -23.291898113945045 0
1755897019901 -23.291898113945045 0
1755897039538 -23.291898113945045 0
1755897462176 -23.291898113945045 0
1755903974687 -23.291898113945045 0
1755904555056 -23.291898113945045 0
1755904609059 -23.291898113945045 0
1755905611386 -23.291898113945045 0
1755912295325 -23.291898113945045 0
1755913222022 -23.291898113945045 0
1755913302306 -23.291898113945045 0
1755914256963 -23.291898113945045 0
1755914641395 -23.291898113945045 0
1755914662235 -23.291898113945045 0
1755914682412 -23.291898113945045 0
1755914705769 -23.291898113945045 0
1755918142149 -23.291898113945045 0
1755918417008 -23.291898113945045 0
1755918461995 -23.291898113945045 0
1755918848767 -23.291898113945045 0
