1756989761789 -1.066522305373741 0
1756989831581 -1.066522305373741 0
1756989856259 -1.066522305373741 0
1756989875944 -0.4601878064977008 0
1756990303353 -0.335675195425313 0
1756990331259 -0.3819773946824604 0
1756990347239 -0.3819773946824604 0
1756990375993 -0.3819773946824604 0
1756990699895 -0.4456592559939711 0
1756990726765 -0.4456592559939711 0
1756990734641 -0.4456592559939711 0
1756990761195 -0.4456592559939711 0
1756991773035 -0.4456592559939711 0
1756991898067 -0.4456592559939711 0
1756991916089 -0.4456592559939711 0
1756992060846 -0.4456592559939711 0
1756993365973 -0.4456592559939711 0
1756993461824 -0.4456592559939711 0
1756993538313 -0.4456592559939711 0
1756993677240 -0.4456592559939711 0
1756997556713 -0.4456592559939711 0
1756998024640 -0.4456592559939711 0
1756998066057 -0.4456592559939711 0
1756998440794 -0.4456592559939711 0
1756999565395 -0.4456592559939711 0
1756999583880 -0.4456592559939711 0
1756999603532 -0.4456592559939711 0
1756999624444 -0.4456592559939711 0
1757000564165 -0.4456592559939711 0
1757000631656 -0.4456592559939711 0
1757000664221 -0.4456592559939711 0
1757000808025 -0.4456592559939711 0
