1756989761789 -0.10937541613627999 0
1756989831581 -0.10937541613627999 0
1756989856259 -0.10937541613627999 0
1756989875944 -0.5821737812906691 0
1756990303353 -0.06805775144368896 0
1756990331259 -0.05716111584394773 0
1756990347239 -0.05716111584394773 0
1756990375993 -0.05716234514331079 0
1756990699895 -0.24142141156790844 0
1756990726765 -0.24142141156790844 0
1756990734641 -0.24142141156790844 0
1756990761195 -0.24142141156790844 0
1756991773035 -0.24142141156790844 0
1756991898067 -0.24142141156790844 0
1756991916089 -0.24142141156790844 0
1756992060846 -0.24142141156790844 0
1756993365973 -0.24142141156790844 0
1756993461824 -0.24142141156790844 0
1756993538313 -0.24142141156790844 0
1756993677240 -0.24142141156790844 0
1756997556713 -0.24142141156790844 0
1756998024640 -0.24142141156790844 0
1756998066057 -0.24142141156790844 0
1756998440794 -0.24142141156790844 0
1756999565395 -0.24142141156790844 0
1756999583880 -0.24142141156790844 0
1756999603532 -0.24142141156790844 0
1756999624444 -0.24142141156790844 0
1757000564165 -0.24142141156790844 0
1757000631656 -0.24142141156790844 0
1757000664221 -0.24142141156790844 0
1757000808025 -0.24142141156790844 0
