1755886754303 6.496884696652283 0
1755886803297 6.496884696652283 0
1755886948190 5.8174881243163705 0
1755891631585 5.8174881243163705 0
1755891678607 5.8174881243163705 0
1755891706492 5.8174881243163705 0
1755891754160 5.8174881243163705 0
1755892402852 5.8174881243163705 0
1755892441990 5.8174881243163705 0
1755892452211 5.8174881243163705 0
1755892494155 5.8174881243163705 0
1755892959292 5.8174881243163705 0
1755893344945 5.8174881243163705 0
1755893364117 5.8174881243163705 0
1755893792646 5.8174881243163705 0
1755897566141 5.8174881243163705 0
1755898713269 5.8174881243163705 0
1755898778129 5.8174881243163705 0
1755899208028 5.8174881243163705 0
1755905673517 5.8174881243163705 0
1755906465588 5.8174881243163705 0
1755906523153 5.8174881243163705 0
1755907321528 5.8174881243163705 0
1755914278768 5.8174881243163705 0
1755914301844 5.8174881243163705 0
1755914322073 5.8174881243163705 0
1755914348850 5.8174881243163705 0
1755914746610 5.8174881243163705 0
1755915127526 5.8174881243163705 0
1755915166413 5.8174881243163705 0
1755915502251 5.8174881243163705 0
