1755886754303 0.1628333990200006 0
1755886803297 0.1628333990200006 0
1755886948190 0.33780914929101447 0
1755891631585 0.33780914929101447 0
1755891678607 0.33780914929101447 0
1755891706492 0.33780914929101447 0
1755891754160 0.33780914929101447 0
1755892402852 0.33780914929101447 0
1755892441990 0.33780914929101447 0
1755892452211 0.33780914929101447 0
1755892494155 0.33780914929101447 0
1755892959292 0.33780914929101447 0
1755893344945 0.33780914929101447 0
1755893364117 0.33780914929101447 0
1755893792646 0.33780914929101447 0
1755897566141 0.33780914929101447 0
1755898713269 0.33780914929101447 0
1755898778129 0.33780914929101447 0
1755899208028 0.33780914929101447 0
1755905673517 0.33780914929101447 0
1755906465588 0.33780914929101447 0
1755906523153 0.33780914929101447 0
1755907321528 0.33780914929101447 0
1755914278768 0.33780914929101447 0
1755914301844 0.33780914929101447 0
1755914322073 0.33780914929101447 0
1755914348850 0.33780914929101447 0
1755914746610 0.33780914929101447 0
1755915127526 0.33780914929101447 0
1755915166413 0.33780914929101447 0
1755915502251 0.33780914929101447 0
