1755886754303 6.6945579369859605 0
1755886803297 6.6945579369859605 0
1755886948190 7.429696343807173 0
1755891631585 7.429696343807173 0
1755891678607 7.429696343807173 0
1755891706492 7.429696343807173 0
1755891754160 7.429696343807173 0
1755892402852 7.429696343807173 0
1755892441990 7.429696343807173 0
1755892452211 7.429696343807173 0
1755892494155 7.429696343807173 0
1755892959292 7.429696343807173 0
1755893344945 7.429696343807173 0
1755893364117 7.429696343807173 0
1755893792646 7.429696343807173 0
1755897566141 7.429696343807173 0
1755898713269 7.429696343807173 0
1755898778129 7.429696343807173 0
1755899208028 7.429696343807173 0
1755905673517 7.429696343807173 0
1755906465588 7.429696343807173 0
1755906523153 7.429696343807173 0
1755907321528 7.429696343807173 0
1755914278768 7.429696343807173 0
1755914301844 7.429696343807173 0
1755914322073 7.429696343807173 0
1755914348850 7.429696343807173 0
1755914746610 7.429696343807173 0
1755915127526 7.429696343807173 0
1755915166413 7.429696343807173 0
1755915502251 7.429696343807173 0
