1756887089980 0.43191534517023344 0
1756887124812 0.43191534517023344 0
1756887144543 0.43191534517023344 0
1756887164415 -0.1454912665045449 0
1756887539551 -0.1454912665045449 0
1756887567858 -0.1454912665045449 0
1756887584326 -0.1454912665045449 0
1756887613990 -0.1454912665045449 0
1756887929161 0.23593765490847063 0
1756887959074 0.23593765490847063 0
1756887967408 0.23593765490847063 0
1756887997586 0.23593765490847063 0
1756889207875 0.23593765490847063 0
1756889320696 0.24629584599392618 0
1756889340323 0.24629584599392618 0
1756889469862 0.24629584599392618 0
1756890201848 0.24629584599392618 0
1756890240433 0.24629584599392618 0
1756890275088 0.24629584599392618 0
1756890321904 0.24629584599392618 0
1756894373728 0.24629584599392618 0
1756894802689 0.24629584599392618 0
1756894832465 0.24629584599392618 0
1756895303017 0.24629584599392618 0
1756895541570 0.24629584599392618 0
1756895555433 0.24629584599392618 0
1756895567681 0.24629584599392618 0
1756895582796 0.24629584599392618 0
1756896319242 0.24629584599392618 0
