1756476064320 10.92375771222575 0
1756476130086 9.452146218258878 0
1756476163333 9.452146218258878 0
1756476194885 8.28677326815065 0
1756476767370 6.423645012041742 0
1756476795388 6.144026492825863 0
1756476811139 6.144026492825863 0
1756476839597 6.144026492825863 0
1756477192554 6.144026492825863 0
1756477219973 6.144026492825863 0
1756477227374 6.144026492825863 0
1756477256508 6.144026492825863 0
1756477783952 6.144026492825863 0
1756477907326 6.144026492825863 0
1756477923821 6.144026492825863 0
1756478067445 6.144026492825863 0
1756479223574 6.144026492825863 0
1756479292007 6.144026492825863 0
1756479348087 6.144026492825863 0
1756479445330 6.144026492825863 0
1756481100667 6.144026492825863 0
1756481492296 6.144026492825863 0
1756481527102 6.144026492825863 0
1756482002076 6.144026492825863 0
1756484868808 6.144026492825863 0
1756484884001 6.144026492825863 0
1756484900142 6.144026492825863 0
1756484917277 6.144026492825863 0
1756485535507 6.144026492825863 0
1756485630595 6.144026492825863 0
1756485663816 6.144026492825863 0
1756485813621 6.098804545331061 0
