1756476064320 15.1192583561022 0
1756476130086 12.653630056277557 0
1756476163333 12.653630056277557 0
1756476194885 11.920110926346537 0
1756476767370 9.019139072695054 0
1756476795388 8.679248518489464 0
1756476811139 8.679248518489464 0
1756476839597 8.679248518489464 0
1756477192554 8.679248518489464 0
1756477219973 8.679248518489464 0
1756477227374 8.679248518489464 0
1756477256508 8.679248518489464 0
1756477783952 8.679248518489464 0
1756477907326 8.679248518489464 0
1756477923821 8.679248518489464 0
1756478067445 8.679248518489464 0
1756479223574 8.679248518489464 0
1756479292007 8.679248518489464 0
1756479348087 8.679248518489464 0
1756479445330 8.679248518489464 0
1756481100667 8.679248518489464 0
1756481492296 8.679248518489464 0
1756481527102 8.679248518489464 0
1756482002076 8.679248518489464 0
1756484868808 8.679248518489464 0
1756484884001 8.679248518489464 0
1756484900142 8.679248518489464 0
1756484917277 8.679248518489464 0
1756485535507 8.679248518489464 0
1756485630595 8.679248518489464 0
1756485663816 8.679248518489464 0
1756485813621 8.55305962801979 0
