1756476064320 8.953324738022602 0
1756476130086 6.307767598912191 0
1756476163333 6.307767598912191 0
1756476194885 10.638744518194423 0
1756476767370 3.710824009328926 0
1756476795388 5.590839609215252 0
1756476811139 5.590839609215252 0
1756476839597 5.590839609215252 0
1756477192554 5.590839609215252 0
1756477219973 5.590839609215252 0
1756477227374 5.590839609215252 0
1756477256508 5.590839609215252 0
1756477783952 5.590839609215252 0
1756477907326 5.590839609215252 0
1756477923821 5.590839609215252 0
1756478067445 5.590839609215252 0
1756479223574 5.590839609215252 0
1756479292007 5.590839609215252 0
1756479348087 5.590839609215252 0
1756479445330 5.590839609215252 0
1756481100667 5.590839609215252 0
1756481492296 5.590839609215252 0
1756481527102 5.590839609215252 0
1756482002076 5.590839609215252 0
1756484868808 5.590839609215252 0
1756484884001 5.590839609215252 0
1756484900142 5.590839609215252 0
1756484917277 5.590839609215252 0
1756485535507 5.590839609215252 0
1756485630595 5.590839609215252 0
1756485663816 5.590839609215252 0
