1756206162101 -160778.75259204948 0
1756206313018 -156087.20397187554 0
1756206374851 -156087.20397187554 0
1756206569397 -156087.20397187554 0
1756207882678 -156087.20397187554 0
1756208414754 -156087.20397187554 0
1756208448908 -156087.20397187554 0
1756208859565 -156087.20397187554 0
1756212733183 -156087.20397187554 0
1756212748903 -156087.20397187554 0
1756212765565 -156087.20397187554 0
1756212784288 -156087.20397187554 0
1756213098631 -156087.20397187554 0
1756213219623 -156087.20397187554 0
1756213254480 -156087.20397187554 0
1756213474827 -156087.20397187554 0
