1756291253040 -84.45144448264112 0
1756291343413 -103.406504096354 0
1756291367353 -103.406504096354 0
1756291391227 -101.99176147892213 0
1756291914839 -84.76850100103698 0
1756291945460 -84.76850100103698 0
1756291961842 -84.76850100103698 0
1756291993584 -84.76850100103698 0
1756292336895 -84.76850100103698 0
1756292374491 -84.76850100103698 0
1756292382121 -84.76850100103698 0
1756292421487 -84.76850100103698 0
1756293149022 -84.76850100103698 0
1756293282575 -104.94023731555606 0
1756293298920 -104.94023731555606 0
1756293472396 -104.94023731555606 0
