1756291253040 -1.1107421914108597 0
1756291343413 -0.6498686372177729 0
1756291367353 -0.6498686372177729 0
1756291391227 -0.015603068798845765 0
1756291914839 -0.009554257001771926 0
1756291945460 -0.009554257001771926 0
1756291961842 -0.009554257001771926 0
1756291993584 -0.009554257001771926 0
1756292336895 -0.009554257001771926 0
1756292374491 -0.009554257001771926 0
1756292382121 -0.009554257001771926 0
1756292421487 -0.009554257001771926 0
1756293149022 -0.009554257001771926 0
1756293282575 -0.0005753561806001173 0
1756293298920 -0.0005753561806001173 0
1756293472396 -0.0005753561806001173 0
