1756291253040 9.46097274569125 0
1756291343413 10.806557190459614 0
1756291367353 10.806557190459614 0
1756291391227 10.203798977482032 0
1756291914839 6.6559263479029696 0
1756291945460 6.6559263479029696 0
1756291961842 6.6559263479029696 0
1756291993584 6.6559263479029696 0
1756292336895 6.6559263479029696 0
1756292374491 6.6559263479029696 0
1756292382121 6.6559263479029696 0
1756292421487 6.6559263479029696 0
1756293149022 6.6559263479029696 0
1756293282575 7.696371932896388 0
1756293298920 7.696371932896388 0
1756293472396 7.696371932896388 0
