1757409538301 -26371.602581452014 0
1757409555361 -26371.602581452014 0
1757409573812 -26372.36954871961 0
1757409597600 -26372.36954871961 0
1757413365717 -26372.36954871961 0
1757414016677 -26372.36954871961 0
1757414048483 -26372.36954871961 0
1757414511215 -26372.36954871961 0
1757415955108 -26343.766661896218 0
1757415975755 -26343.766661896218 0
1757415990910 -26343.766661896218 0
1757416011751 -26397.82089821251 0
1757416909837 -26397.82089821251 0
1757416985908 -26397.82089821251 0
1757417019337 -26397.82089821251 0
1757417114607 -26397.82089821251 0
