1756973356897 46.95327682561935 0
1756973424969 46.95327682561935 0
1756973458761 46.95327682561935 0
1756973510313 39.30493229709329 0
1756973999246 35.378943750000005 0
1756974028273 35.378943750000005 0
1756974044693 35.378943750000005 0
1756974075092 35.378943750000005 0
1756974392814 35.378943750000005 0
1756974419695 35.378943750000005 0
1756974427127 35.378943750000005 0
1756974455529 35.378943750000005 0
1756975508635 35.378943750000005 0
1756975634758 35.378943750000005 0
1756975652971 35.378943750000005 0
1756975810625 35.378943750000005 0
