1756973356897 -0.7049347459531345 0
1756973424969 -0.7049347459531345 0
1756973458761 -0.7049347459531345 0
1756973510313 -0.1333808974794688 0
1756973999246 0.05657536577592759 0
1756974028273 0.05657536577592759 0
1756974044693 0.05657536577592759 0
1756974075092 0.05657536577592759 0
1756974392814 0.05657536577592759 0
1756974419695 0.05657536577592759 0
1756974427127 0.05657536577592759 0
1756974455529 0.05657536577592759 0
1756975508635 0.05657536577592759 0
1756975634758 0.05657536577592759 0
1756975652971 0.05657536577592759 0
1756975810625 0.05657536577592759 0
