1756973356897 52.48215845290705 0
1756973424969 52.48215845290705 0
1756973458761 52.48215845290705 0
1756973510313 50.932896262289326 0
1756973999246 35.910727367717364 0
1756974028273 35.910727367717364 0
1756974044693 35.910727367717364 0
1756974075092 35.910727367717364 0
1756974392814 35.910727367717364 0
1756974419695 35.910727367717364 0
1756974427127 35.910727367717364 0
1756974455529 35.910727367717364 0
1756975508635 35.910727367717364 0
1756975634758 35.910727367717364 0
1756975652971 35.910727367717364 0
1756975810625 35.910727367717364 0
