1756460680999 91.23164064315591 0
1756460745330 91.23164064315591 0
1756460770543 91.23164064315591 0
1756460791754 91.19538606292485 0
1756461205383 88.94637271273488 0
1756461232449 88.94637271273488 0
1756461248128 88.94637271273488 0
1756461276129 88.94637271273488 0
1756461586867 88.94637271273488 0
1756461612191 84.27471830666332 0
1756461619408 84.27471830666332 0
1756461646663 84.27471830666332 0
1756462609810 84.27471830666332 0
1756462725001 84.27471830666332 0
1756462741931 84.27471830666332 0
1756462872823 84.27471830666332 0
