1756460680999 0.34557267485923876 0
1756460745330 0.34557267485923876 0
1756460770543 0.34557267485923876 0
1756460791754 0.34715534039511825 0
1756461205383 0.11936266993132946 0
1756461232449 0.11936266993132946 0
1756461248128 0.11936266993132946 0
1756461276129 0.11936266993132946 0
1756461586867 0.11936266993132946 0
1756461612191 0.23162813377629218 0
1756461619408 0.23162813377629218 0
1756461646663 0.23162813377629218 0
1756462609810 0.23162813377629218 0
1756462725001 0.23162813377629218 0
1756462741931 0.23162813377629218 0
1756462872823 0.23162813377629218 0
