1756800274622 -7.791781540733883 0
1756800343043 -7.791781540733883 0
1756800368247 -7.791781540733883 0
1756800393531 -0.036220885807778824 0
1756800835019 -0.036220885807778824 0
1756800863535 -0.036220885807778824 0
1756800880099 -0.036220885807778824 0
1756800910749 -0.036220885807778824 0
1756801251721 -0.036220885807778824 0
1756801283689 -0.036220885807778824 0
1756801291239 -0.036220885807778824 0
1756801324176 -0.036220885807778824 0
1756802361341 -0.036220885807778824 0
1756802484861 -0.036220885807778824 0
1756802502469 -0.036220885807778824 0
1756802640868 -0.036220885807778824 0
