1756800274622 -1.5403355750564514 0
1756800343043 -1.5403355750564514 0
1756800368247 -1.5403355750564514 0
1756800393531 -3.0322563932069113 0
1756800835019 -3.0322563932069113 0
1756800863535 -3.0322563932069113 0
1756800880099 -3.0322563932069113 0
1756800910749 -3.0322563932069113 0
1756801251721 -3.0322563932069113 0
1756801283689 -3.0322563932069113 0
1756801291239 -3.0322563932069113 0
1756801324176 -3.0322563932069113 0
1756802361341 -3.0322563932069113 0
1756802484861 -3.0322563932069113 0
1756802502469 -3.0322563932069113 0
1756802640868 -3.0322563932069113 0
