1757063476920 -387135.77228376735 0
1757063541460 -493932.31392922596 0
1757063616771 -493932.31392922596 0
1757063704653 -390764.674469602 0
1757066224627 -390764.674469602 0
1757066702958 -380167.51777819585 0
1757066737629 -380167.51777819585 0
1757067185963 -380167.51777819585 0
1757068773700 -380167.51777819585 0
1757068791442 -380167.51777819585 0
1757068807140 -380167.51777819585 0
1757068825996 -380167.51777819585 0
1757069628549 -380167.51777819585 0
1757069762325 -380167.51777819585 0
1757069798849 -380167.51777819585 0
1757069877501 -380167.51777819585 0
