1757063476920 -0.662216208457943 0
1757063541460 -0.053729592465812104 0
1757063616771 -0.053729592465812104 0
1757063704653 -0.0033949234588601662 0
1757066224627 -0.0033949234588601662 0
1757066702958 0.1550124428780224 0
1757066737629 0.1550124428780224 0
1757067185963 0.1550124428780224 0
1757068773700 0.1550124428780224 0
1757068791442 0.1550124428780224 0
1757068807140 0.1550124428780224 0
1757068825996 0.1550124428780224 0
1757069628549 0.1550124428780224 0
1757069762325 0.1550124428780224 0
1757069798849 0.1550124428780224 0
1757069877501 0.1550124428780224 0
