1756911977618 -4.1239556047333625 0
1756912034782 -4.1239556047333625 0
1756912057609 -4.1239556047333625 0
1756912076849 -4.364487643077231 0
1756912481412 -4.364487643077231 0
1756912509873 -4.364487643077231 0
1756912527401 -4.364487643077231 0
1756912556363 -4.364487643077231 0
1756912878953 -4.364487643077231 0
1756912905788 -4.364487643077231 0
1756912913389 -4.364487643077231 0
1756912942260 -4.364487643077231 0
1756913885202 -4.364487643077231 0
1756913998674 -4.110584509889746 0
1756914014729 -4.110584509889746 0
1756914145951 -4.110584509889746 0
