1756911977618 1.001749348742694 0
1756912034782 1.001749348742694 0
1756912057609 1.001749348742694 0
1756912076849 0.9911364365262916 0
1756912481412 0.9911364365262916 0
1756912509873 0.9911364365262916 0
1756912527401 0.9911364365262916 0
1756912556363 0.9911364365262916 0
1756912878953 0.9911364365262916 0
1756912905788 0.9911364365262916 0
1756912913389 0.9911364365262916 0
1756912942260 0.9911364365262916 0
1756913885202 0.9911364365262916 0
1756913998674 0.9415123884677886 0
1756914014729 0.9415123884677886 0
1756914145951 0.9415123884677886 0
