1756989612716 1.8874477202232587 0
1756989688074 1.6858415688358646 0
1756989717020 1.6858415688358646 0
1756989737548 1.5403058300726928 0
1756990210187 1.5403058300726928 0
1756990240267 1.5403058300726928 0
1756990256569 1.5403058300726928 0
1756990287177 1.5403058300726928 0
1756990616140 1.4812116983193506 0
1756990648817 1.4812116983193506 0
1756990657457 1.4812116983193506 0
1756990692315 1.4812116983193506 0
1756991462971 1.4812116983193506 0
1756991589739 1.4812116983193506 0
1756991609796 1.4812116983193506 0
1756991755319 1.4812116983193506 0
1756993058121 1.4812116983193506 0
1756993116044 1.4812116983193506 0
1756993173387 1.4812116983193506 0
1756993244649 1.4812116983193506 0
1756996268085 1.4812116983193506 0
1756996757222 1.4812116983193506 0
1756996795488 1.4812116983193506 0
1756997508386 1.4812116983193506 0
1756999485655 1.4812116983193506 0
1756999506176 1.4812116983193506 0
1756999524145 1.4812116983193506 0
1756999547190 1.4812116983193506 0
1757000333549 1.4812116983193506 0
1757000402194 1.4812116983193506 0
1757000432231 1.4812116983193506 0
1757000532066 1.4812116983193506 0
