1756989612716 0.2361290975353304 0
1756989688074 0.3150140910294127 0
1756989717020 0.3150140910294127 0
1756989737548 -0.05207921032908125 0
1756990210187 -0.05207921032908125 0
1756990240267 -0.05207921032908125 0
1756990256569 -0.05207921032908125 0
1756990287177 -0.05207921032908125 0
1756990616140 0.2369319639170563 0
1756990648817 0.2369319639170563 0
1756990657457 0.2369319639170563 0
1756990692315 0.2369319639170563 0
1756991462971 0.2369319639170563 0
1756991589739 0.2369319639170563 0
1756991609796 0.2369319639170563 0
1756991755319 0.2369319639170563 0
1756993058121 0.2369319639170563 0
1756993116044 0.2369319639170563 0
1756993173387 0.2369319639170563 0
1756993244649 0.2369319639170563 0
1756996268085 0.2369319639170563 0
1756996757222 0.2369319639170563 0
1756996795488 0.2369319639170563 0
1756997508386 0.2369319639170563 0
1756999485655 0.2369319639170563 0
1756999506176 0.2369319639170563 0
1756999524145 0.2369319639170563 0
1756999547190 0.2369319639170563 0
1757000333549 0.2369319639170563 0
1757000402194 0.2369319639170563 0
1757000432231 0.2369319639170563 0
1757000532066 0.2369319639170563 0
