1756989612716 0.8097278495645424 0
1756989688074 0.766778473097884 0
1756989717020 0.766778473097884 0
1756989737548 0.950283770913786 0
1756990210187 0.950283770913786 0
1756990240267 0.950283770913786 0
1756990256569 0.950283770913786 0
1756990287177 0.950283770913786 0
1756990616140 0.8093022055327908 0
1756990648817 0.8093022055327908 0
1756990657457 0.8093022055327908 0
1756990692315 0.8093022055327908 0
1756991462971 0.8093022055327908 0
1756991589739 0.8093022055327908 0
1756991609796 0.8093022055327908 0
1756991755319 0.8093022055327908 0
1756993058121 0.8093022055327908 0
1756993116044 0.8093022055327908 0
1756993173387 0.8093022055327908 0
1756993244649 0.8093022055327908 0
1756996268085 0.8093022055327908 0
1756996757222 0.8093022055327908 0
1756996795488 0.8093022055327908 0
1756997508386 0.8093022055327908 0
1756999485655 0.8093022055327908 0
1756999506176 0.8093022055327908 0
1756999524145 0.8093022055327908 0
1756999547190 0.8093022055327908 0
1757000333549 0.8093022055327908 0
1757000402194 0.8093022055327908 0
1757000432231 0.8093022055327908 0
1757000532066 0.8093022055327908 0
