1757491503443 -3519.362304934566 0
1757491572471 -5528.280605199846 0
1757491602326 -5528.280605199846 0
1757491636916 -4942.377330692954 0
1757492129187 -4942.377330692954 0
1757492159465 -4942.377330692954 0
1757492176169 -4942.377330692954 0
1757492207177 -4942.377330692954 0
1757492551854 -4942.377330692954 0
1757492584880 -4942.377330692954 0
1757492592820 -4942.377330692954 0
1757492628148 -4942.377330692954 0
1757493071014 -4942.377330692954 0
1757493203751 -4942.377330692954 0
1757493221524 -4942.377330692954 0
1757493374223 -4942.377330692954 0
1757494113361 -4942.377330692954 0
1757494261742 -4942.377330692954 0
1757494302580 -4942.377330692954 0
1757494376405 -4942.377330692954 0
1757497011636 -4942.377330692954 0
1757497542224 -4942.377330692954 0
1757497576573 -4942.377330692954 0
1757498153881 -4942.377330692954 0
1757500319988 -4942.377330692954 0
1757500338724 -4942.377330692954 0
1757500356946 -4942.377330692954 0
1757500375324 -4942.377330692954 0
1757501090939 -4942.377330692954 0
1757501210277 -4942.377330692954 0
1757501250443 -4942.377330692954 0
1757501426565 -4942.377330692954 0
