1757491503443 -0.02325637280634707 0
1757491572471 -0.023255789881839295 0
1757491602326 -0.023255789881839295 0
1757491636916 -0.02325404466766967 0
1757492129187 -0.02325404466766967 0
1757492159465 -0.02325404466766967 0
1757492176169 -0.02325404466766967 0
1757492207177 -0.02325404466766967 0
1757492551854 -0.02325404466766967 0
1757492584880 -0.02325404466766967 0
1757492592820 -0.02325404466766967 0
1757492628148 -0.02325404466766967 0
1757493071014 -0.02325404466766967 0
1757493203751 -0.02325404466766967 0
1757493221524 -0.02325404466766967 0
1757493374223 -0.02325404466766967 0
1757494113361 -0.02325404466766967 0
1757494261742 -0.02325404466766967 0
1757494302580 -0.02325404466766967 0
1757494376405 -0.02325404466766967 0
1757497011636 -0.02325404466766967 0
1757497542224 -0.02325404466766967 0
1757497576573 -0.02325404466766967 0
1757498153881 -0.02325404466766967 0
1757500319988 -0.02325404466766967 0
1757500338724 -0.02325404466766967 0
1757500356946 -0.02325404466766967 0
1757500375324 -0.02325404466766967 0
1757501090939 -0.02325404466766967 0
1757501210277 -0.02325404466766967 0
1757501250443 -0.02325404466766967 0
1757501426565 -0.02325404466766967 0
