1756596057456 -0.9363341124681039 0
1756596125582 -0.9363341124681039 0
1756596151369 -0.9363341119995119 0
1756596175014 -0.14472405343329453 0
1756596599769 -0.011276210334838499 0
1756596628224 -0.011276210334838499 0
1756596643999 -0.011276210334838499 0
1756596672644 -0.011276210334838499 0
1756597010152 -0.011276210334838499 0
1756597038599 -0.011276210334838499 0
1756597045812 -0.011276210334838499 0
1756597075107 -0.011276210334838499 0
1756598088141 0.08747966310569943 0
1756598216188 0.08747966310569943 0
1756598233767 0.08747966310569943 0
1756598379295 0.08747966310569943 0
