1756596057456 9.684967091727058 0
1756596125582 9.684967091727058 0
1756596151369 9.684967091765756 0
1756596175014 28.51826515203989 0
1756596599769 5.559140790372685 0
1756596628224 5.559140790372685 0
1756596643999 5.559140790372685 0
1756596672644 5.559140790372685 0
1756597010152 5.559140790372685 0
1756597038599 5.559140790372685 0
1756597045812 5.559140790372685 0
1756597075107 5.559140790372685 0
1756598088141 15.708157850144845 0
1756598216188 15.708157850144845 0
1756598233767 15.708157850144845 0
1756598379295 15.708157850144845 0
