1756225371871 60.74418888853351 0
1756225432766 18.17409715570733 0
1756225467077 18.17409715570733 0
1756225535501 13.390452215566045 0
1756228272333 13.390452215566045 0
1756229193885 13.390452215566045 0
1756229225415 13.390452215566045 0
1756230052360 13.390452215566045 0
1756232108010 13.390452215566045 0
1756232126393 13.390452215566045 0
1756232141755 13.390452215566045 0
1756232160525 13.390452215566045 0
1756233048325 13.390452215566045 0
1756233241826 13.390452215566045 0
1756233263407 13.390452215566045 0
1756233375296 13.390452215566045 0
