1756225371871 69.89218943702738 0
1756225432766 21.45568711243114 0
1756225467077 21.45568711243114 0
1756225535501 15.507924418462505 0
1756228272333 15.507924418462505 0
1756229193885 15.507924418462505 0
1756229225415 15.507924418462505 0
1756230052360 15.507924418462505 0
1756232108010 15.507924418462505 0
1756232126393 15.507924418462505 0
1756232141755 15.507924418462505 0
1756232160525 15.507924418462505 0
1756233048325 15.507924418462505 0
1756233241826 15.507924418462505 0
1756233263407 15.507924418462505 0
1756233375296 15.507924418462505 0
