1756633495445 12.812182200130092 0
1756633556585 8.454677622753842 0
1756633582569 8.454677622753842 0
1756633625720 5.500040222050811 0
1756634196743 4.640326762868058 0
1756634225278 4.600144000451501 0
1756634240692 4.600144000451501 0
1756634269793 4.600144000451501 0
1756634628118 4.600144000451501 0
1756634654953 4.600144000451501 0
1756634662512 4.600144000451501 0
1756634691185 4.600144000451501 0
1756635204774 4.600144000451501 0
1756635332136 4.600144000451501 0
1756635348820 4.600144000451501 0
1756635493757 4.600144000451501 0
1756636821821 4.600144000451501 0
1756636857402 4.600144000451501 0
1756636901983 4.600144000451501 0
1756637066524 4.600144000451501 0
1756638698759 4.600144000451501 0
1756639193495 4.600144000451501 0
1756639229410 4.600144000451501 0
1756639736298 4.600144000451501 0
1756643306503 4.600144000451501 0
1756643323211 4.600144000451501 0
1756643339017 4.600144000451501 0
1756643357729 4.600144000451501 0
1756643860275 4.600144000451501 0
1756644040525 4.653207987392416 0
1756644073647 4.653207987392416 0
1756644395902 4.653207987392416 0
