1756633495445 22.48676786561397 0
1756633556585 10.801468642029066 0
1756633582569 10.801468642029066 0
1756633625720 7.389645884701911 0
1756634196743 6.401400912009846 0
1756634225278 6.304650608022095 0
1756634240692 6.304650608022095 0
1756634269793 6.304650608022095 0
1756634628118 6.304650608022095 0
1756634654953 6.304650608022095 0
1756634662512 6.304650608022095 0
1756634691185 6.304650608022095 0
1756635204774 6.304650608022095 0
1756635332136 6.304650608022095 0
1756635348820 6.304650608022095 0
1756635493757 6.304650608022095 0
1756636821821 6.304650608022095 0
1756636857402 6.304650608022095 0
1756636901983 6.304650608022095 0
1756637066524 6.304650608022095 0
1756638698759 6.304650608022095 0
1756639193495 6.304650608022095 0
1756639229410 6.304650608022095 0
1756639736298 6.304650608022095 0
1756643306503 6.304650608022095 0
1756643323211 6.304650608022095 0
1756643339017 6.304650608022095 0
1756643357729 6.304650608022095 0
1756643860275 6.304650608022095 0
1756644040525 6.271338097834616 0
1756644073647 6.271338097834616 0
1756644395902 6.271338097834616 0
