1756633495445 35.78764469329099 0
1756633556585 28.341168696540997 0
1756633582569 28.341168696540997 0
1756633625720 52.96692174469187 0
1756634196743 6.916002546283476 0
1756634225278 17.50519959725571 0
1756634240692 17.50519959725571 0
1756634269793 17.50519959725571 0
1756634628118 17.50519959725571 0
1756634654953 17.50519959725571 0
1756634662512 17.50519959725571 0
1756634691185 17.50519959725571 0
1756635204774 17.50519959725571 0
1756635332136 17.50519959725571 0
1756635348820 17.50519959725571 0
1756635493757 17.50519959725571 0
1756636821821 17.50519959725571 0
1756636857402 17.50519959725571 0
1756636901983 17.50519959725571 0
1756637066524 17.50519959725571 0
1756638698759 17.50519959725571 0
1756639193495 17.50519959725571 0
1756639229410 17.50519959725571 0
1756639736298 17.50519959725571 0
1756643306503 17.50519959725571 0
1756643323211 17.50519959725571 0
1756643339017 17.50519959725571 0
1756643357729 17.50519959725571 0
1756643860275 17.50519959725571 0
