1755568762835 5.534646022887427 0
1755569386271 5.782647742342678 0
1755569481350 5.782647742342678 0
1755569985179 5.782647742342678 0
1755577136454 5.782647742342678 0
1755577919055 5.484166320400886 0
1755577983074 5.484166320400886 0
1755578561230 5.484166320400886 0
1755581054222 5.484166320400886 0
1755581080288 5.484166320400886 0
1755581102363 5.484166320400886 0
1755581127635 5.484166320400886 0
1755583972914 5.484166320400886 0
1755584317640 5.484166320400886 0
1755584368087 5.484166320400886 0
1755585074996 5.484166320400886 0
