1755568762835 0.35671664876004194 0
1755569386271 0.37765142988062117 0
1755569481350 0.37765142988062117 0
1755569985179 0.37765142988062117 0
1755577136454 0.37765142988062117 0
1755577919055 0.43669351098715825 0
1755577983074 0.43669351098715825 0
1755578561230 0.43669351098715825 0
1755581054222 0.43669351098715825 0
1755581080288 0.43669351098715825 0
1755581102363 0.43669351098715825 0
1755581127635 0.43669351098715825 0
1755583972914 0.43669351098715825 0
1755584317640 0.43669351098715825 0
1755584368087 0.43669351098715825 0
1755585074996 0.43669351098715825 0
