1757318828218 4.9875461227461555 0
1757318901934 4.9875461227461555 0
1757318927822 4.986622182922575 0
1757318954064 4.648946350373901 0
1757319519135 4.469038211385113 0
1757319545023 4.574133001105742 0
1757319570569 4.574133001105742 0
1757319604545 4.574133001105742 0
1757319978270 4.574133001105742 0
1757320000581 4.574133001105742 0
1757320007743 4.574133001105742 0
1757320033653 4.574133001105742 0
1757320346308 4.574133001105742 0
1757320468233 4.409493509928386 0
1757320486320 4.409493509928386 0
1757320624952 4.409493509928386 0
1757321978511 4.409493509928386 0
1757322096648 4.409493509928386 0
1757322129664 4.409493509928386 0
1757322237064 4.409493509928386 0
1757323275268 4.409493509928386 0
1757323608496 4.409493509928386 0
1757323646950 4.409493509928386 0
1757323987205 4.409493509928386 0
1757327611428 4.409493509928386 0
1757327628450 4.409493509928386 0
1757327644152 4.409493509928386 0
1757327662322 4.409493509928386 0
1757327971201 4.409493509928386 0
1757328072188 4.409493509928386 0
1757328105862 4.409493509928386 0
1757328272211 4.366919395251152 0
