1757318828218 6.62353372413119 0
1757318901934 6.62353372413119 0
1757318927822 6.600501020646983 0
1757318954064 6.002406572962034 0
1757319519135 5.792704628386231 0
1757319545023 5.717494481037068 0
1757319570569 5.717494481037068 0
1757319604545 5.717494481037068 0
1757319978270 5.717494481037068 0
1757320000581 5.717494481037068 0
1757320007743 5.717494481037068 0
1757320033653 5.717494481037068 0
1757320346308 5.717494481037068 0
1757320468233 5.677004292692814 0
1757320486320 5.677004292692814 0
1757320624952 5.677004292692814 0
1757321978511 5.677004292692814 0
1757322096648 5.677004292692814 0
1757322129664 5.677004292692814 0
1757322237064 5.677004292692814 0
1757323275268 5.677004292692814 0
1757323608496 5.677004292692814 0
1757323646950 5.677004292692814 0
1757323987205 5.677004292692814 0
1757327611428 5.677004292692814 0
1757327628450 5.677004292692814 0
1757327644152 5.677004292692814 0
1757327662322 5.677004292692814 0
1757327971201 5.677004292692814 0
1757328072188 5.677004292692814 0
1757328105862 5.677004292692814 0
1757328272211 5.5458084479093905 0
