1757318828218 5.579479097660606 0
1757318901934 5.579479097660606 0
1757318927822 5.580915713219606 0
1757318954064 5.988166496700479 0
1757319519135 2.363702068335268 0
1757319545023 3.803703628716883 0
1757319570569 3.803703628716883 0
1757319604545 3.803703628716883 0
1757319978270 3.803703628716883 0
1757320000581 3.803703628716883 0
1757320007743 3.803703628716883 0
1757320033653 3.803703628716883 0
1757320346308 3.803703628716883 0
1757320468233 1.8906787199132582 0
1757320486320 1.8906787199132582 0
1757320624952 1.8906787199132582 0
1757321978511 1.8906787199132582 0
1757322096648 1.8906787199132582 0
1757322129664 1.8906787199132582 0
1757322237064 1.8906787199132582 0
1757323275268 1.8906787199132582 0
1757323608496 1.8906787199132582 0
1757323646950 1.8906787199132582 0
1757323987205 1.8906787199132582 0
1757327611428 1.8906787199132582 0
1757327628450 1.8906787199132582 0
1757327644152 1.8906787199132582 0
1757327662322 1.8906787199132582 0
1757327971201 1.8906787199132582 0
1757328072188 1.8906787199132582 0
1757328105862 1.8906787199132582 0
