1757318828218 7.325196160925743 0
1757318901934 7.325196160925743 0
1757318927822 7.326529537280398 0
1757318954064 7.536633312666556 0
1757319519135 2.8847127744799446 0
1757319545023 4.717611273747773 0
1757319570569 4.717611273747773 0
1757319604545 4.717611273747773 0
1757319978270 4.717611273747773 0
1757320000581 4.717611273747773 0
1757320007743 4.717611273747773 0
1757320033653 4.717611273747773 0
1757320346308 4.717611273747773 0
1757320468233 2.417732569678703 0
1757320486320 2.417732569678703 0
1757320624952 2.417732569678703 0
1757321978511 2.417732569678703 0
1757322096648 2.417732569678703 0
1757322129664 2.417732569678703 0
1757322237064 2.417732569678703 0
1757323275268 2.417732569678703 0
1757323608496 2.417732569678703 0
1757323646950 2.417732569678703 0
1757323987205 2.417732569678703 0
1757327611428 2.417732569678703 0
1757327628450 2.417732569678703 0
1757327644152 2.417732569678703 0
1757327662322 2.417732569678703 0
1757327971201 2.417732569678703 0
1757328072188 2.417732569678703 0
1757328105862 2.417732569678703 0
