1756674327042 19.360997549810524 0
1756674386356 19.360997549810524 0
1756674409153 19.360997549810524 0
1756674429903 20.514898741666148 0
1756674831915 20.514898741666148 0
1756674859874 18.415066262750006 0
1756674875957 18.415066262750006 0
1756674904516 18.415066262750006 0
1756675225786 18.415066262750006 0
1756675253374 18.415066262750006 0
1756675260448 18.415066262750006 0
1756675289841 18.415066262750006 0
1756676175928 18.415066262750006 0
1756676288091 18.415066262750006 0
1756676305370 18.415066262750006 0
1756676434498 18.415066262750006 0
