1756674327042 0.0847570303874704 0
1756674386356 0.0847570303874704 0
1756674409153 0.0847570303874704 0
1756674429903 -0.006917986352695804 0
1756674831915 -0.006917986352695804 0
1756674859874 0.5495892139485886 0
1756674875957 0.5495892139485886 0
1756674904516 0.5495892139485886 0
1756675225786 0.5495892139485886 0
1756675253374 0.5495892139485886 0
1756675260448 0.5495892139485886 0
1756675289841 0.5495892139485886 0
1756676175928 0.5495892139485886 0
1756676288091 0.5495892139485886 0
1756676305370 0.5495892139485886 0
1756676434498 0.5495892139485886 0
