1756475891746 -67.74216599390826 0
1756475967680 -67.74216599390826 0
1756475997054 -67.74216599390871 0
1756476029926 -90.35407516345163 0
1756476682450 -68.88873251215414 0
1756476709024 -68.88873251215414 0
1756476724313 -68.88873251215414 0
1756476751292 -68.88873251215414 0
1756477124957 -68.88873251215414 0
1756477151165 -68.88873251215414 0
1756477158076 -68.88873251215414 0
1756477185593 -68.88873251215414 0
1756477509301 -68.88873251215414 0
1756477619886 -68.88873251215414 0
1756477636868 -68.88873251215414 0
1756477766188 -68.88873251215414 0
1756478998085 -68.88873251215414 0
1756479077491 -68.88873251215414 0
1756479142986 -68.88873251215414 0
1756479193820 -68.88873251215414 0
