1756475891746 -67.74216599390826 0
1756475967680 -67.74216599390826 0
1756475997054 -67.74216599390871 0
1756476029926 -90.35407516345163 0
1756476682450 -68.88873251215414 0
1756476709024 -68.88873251215414 0
1756476724313 -68.88873251215414 0
1756476751292 -68.88873251215414 0
1756477124957 -68.88873251215414 0
1756477151165 -68.88873251215414 0
1756477158076 -68.88873251215414 0
1756477185593 -68.88873251215414 0
1756477509301 -68.88873251215414 0
1756477619886 -68.88873251215414 0
1756477636868 -68.88873251215414 0
1756477766188 -68.88873251215414 0
1756478998085 -68.88873251215414 0
1756479077491 -68.88873251215414 0
1756479142986 -68.88873251215414 0
1756479193820 -68.88873251215414 0
1756480221169 -67.53357419162823 0
1756480559680 -67.53357419162823 0
1756480592165 -67.53357419162823 0
1756481068226 -67.53357419162823 0
1756484804967 -67.53357419162823 0
1756484821615 -67.53357419162823 0
1756484836233 -67.53357419162823 0
1756484853743 -67.53357419162823 0
1756485128198 -67.53357419162823 0
1756485245028 -67.53357419162823 0
1756485279999 -67.53357419162823 0
1756485507586 -67.53357419162823 0
