1756475891746 0.07553969503379132 0
1756475967680 0.07553969503379132 0
1756475997054 0.07553969503380042 0
1756476029926 0.08588761986238258 0
1756476682450 0.16205531571998677 0
1756476709024 0.16205531571998677 0
1756476724313 0.16205531571998677 0
1756476751292 0.16205531571998677 0
1756477124957 0.16205531571998677 0
1756477151165 0.16205531571998677 0
1756477158076 0.16205531571998677 0
1756477185593 0.16205531571998677 0
1756477509301 0.16205531571998677 0
1756477619886 0.16205531571998677 0
1756477636868 0.16205531571998677 0
1756477766188 0.16205531571998677 0
1756478998085 0.16205531571998677 0
1756479077491 0.16205531571998677 0
1756479142986 0.16205531571998677 0
1756479193820 0.16205531571998677 0
1756480221169 0.16486918610450518 0
1756480559680 0.16486918610450518 0
1756480592165 0.16486918610450518 0
1756481068226 0.16486918610450518 0
1756484804967 0.16486918610450518 0
1756484821615 0.16486918610450518 0
1756484836233 0.16486918610450518 0
1756484853743 0.16486918610450518 0
1756485128198 0.16486918610450518 0
1756485245028 0.16486918610450518 0
1756485279999 0.16486918610450518 0
1756485507586 0.16486918610450518 0
