1756475891746 5.214385337301856 0
1756475967680 5.214385337301856 0
1756475997054 5.214385337301849 0
1756476029926 7.274351579599872 0
1756476682450 2.2963440370379495 0
1756476709024 2.2963440370379495 0
1756476724313 2.2963440370379495 0
1756476751292 2.2963440370379495 0
1756477124957 2.2963440370379495 0
1756477151165 2.2963440370379495 0
1756477158076 2.2963440370379495 0
1756477185593 2.2963440370379495 0
1756477509301 2.2963440370379495 0
1756477619886 2.2963440370379495 0
1756477636868 2.2963440370379495 0
1756477766188 2.2963440370379495 0
1756478998085 2.2963440370379495 0
1756479077491 2.2963440370379495 0
1756479142986 2.2963440370379495 0
1756479193820 2.2963440370379495 0
