1756821476380 7.987581081753733 0
1756821544001 7.987581081753733 0
1756821573480 7.987581081753733 0
1756821607933 4.5144355419786395 0
1756822074643 4.156241916802136 0
1756822104432 4.156241916802136 0
1756822121198 4.156241916802136 0
1756822150671 4.156241916802136 0
1756822479959 4.156241916802136 0
1756822506578 4.051600375286529 0
1756822514169 4.051600375286529 0
1756822543184 4.051600375286529 0
1756823499499 4.051600375286529 0
1756823622219 4.051600375286529 0
1756823639476 4.051600375286529 0
1756823775064 4.051600375286529 0
