1756235348320 6.908096649659477 0
1756235421218 5.684072520512454 0
1756235450038 5.684072520512454 0
1756235473297 5.684072520512454 0
1756236125339 5.684072520512454 0
1756236152649 2.217207779052992 0
1756236168972 2.217207779052992 0
1756236196736 2.217207779052992 0
1756236575279 2.217207779052992 0
1756236600120 2.217207779052992 0
1756236609188 2.217207779052992 0
1756236635359 2.217207779052992 0
1756238489340 2.217207779052992 0
1756238607443 2.217207779052992 0
1756238627150 2.217207779052992 0
1756238764043 2.217207779052992 0
1756240228395 2.217207779052992 0
1756240331061 2.217207779052992 0
1756240354744 2.217207779052992 0
1756240404935 2.217207779052992 0
1756241531376 2.217207779052992 0
1756241930722 2.217207779052992 0
1756241964027 2.217207779052992 0
1756242293550 2.217207779052992 0
1756245449410 2.217207779052992 0
