1756235348320 -0.020641147754913103 0
1756235421218 0.3090040791862585 0
1756235450038 0.3090040791862585 0
1756235473297 0.3090040791862585 0
1756236125339 0.3090040791862585 0
1756236152649 0.8948597391008073 0
1756236168972 0.8948597391008073 0
1756236196736 0.8948597391008073 0
1756236575279 0.8948597391008073 0
1756236600120 0.8948597391008073 0
1756236609188 0.8948597391008073 0
1756236635359 0.8948597391008073 0
1756238489340 0.8948597391008073 0
1756238607443 0.8948597391008073 0
1756238627150 0.8948597391008073 0
1756238764043 0.8948597391008073 0
1756240228395 0.8948597391008073 0
1756240331061 0.8948597391008073 0
1756240354744 0.8948597391008073 0
1756240404935 0.8948597391008073 0
1756241531376 0.8948597391008073 0
1756241930722 0.8948597391008073 0
1756241964027 0.8948597391008073 0
1756242293550 0.8948597391008073 0
1756245449410 0.8948597391008073 0
