1756235348320 -47.721799321036485 0
1756235421218 -32.3086804184448 0
1756235450038 -32.3086804184448 0
1756235473297 -32.3086804184448 0
1756236125339 -32.3086804184448 0
1756236152649 -4.916010335493102 0
1756236168972 -4.916010335493102 0
1756236196736 -4.916010335493102 0
1756236575279 -4.916010335493102 0
1756236600120 -4.916010335493102 0
1756236609188 -4.916010335493102 0
1756236635359 -4.916010335493102 0
1756238489340 -4.916010335493102 0
1756238607443 -4.916010335493102 0
1756238627150 -4.916010335493102 0
1756238764043 -4.916010335493102 0
1756240228395 -4.916010335493102 0
1756240331061 -4.916010335493102 0
1756240354744 -4.916010335493102 0
1756240404935 -4.916010335493102 0
1756241531376 -4.916010335493102 0
1756241930722 -4.916010335493102 0
1756241964027 -4.916010335493102 0
1756242293550 -4.916010335493102 0
1756245449410 -4.916010335493102 0
