1756821476526 -158.0786421776286 0
1756821544165 -158.0786421776286 0
1756821573643 -158.0786421776286 0
1756821608129 -12.078367802121097 0
1756822074959 -9.748598562740664 0
1756822104816 -9.748598562740664 0
1756822121535 -9.748598562740664 0
1756822151038 -9.748598562740664 0
1756822480469 -9.748598562740664 0
1756822507245 -17.120376046240427 0
1756822514865 -17.120376046240427 0
1756822543680 -17.120376046240427 0
1756823500240 -17.120376046240427 0
1756823623000 -17.120376046240427 0
1756823640318 -17.120376046240427 0
1756823775829 -17.120376046240427 0
1756825091131 -17.120376046240427 0
1756825211646 -17.120376046240427 0
1756825266496 -17.120376046240427 0
1756825457256 -17.120376046240427 0
1756829288612 -17.120376046240427 0
1756829731739 -17.120376046240427 0
1756829766920 -17.120376046240427 0
1756830284861 -17.120376046240427 0
1756831307146 -17.120376046240427 0
1756831325805 -17.120376046240427 0
1756831343166 -17.120376046240427 0
1756831366688 -17.120376046240427 0
1756832589440 -17.120376046240427 0
1756832692852 -17.120376046240427 0
1756832743659 -17.120376046240427 0
1756832843076 -17.120376046240427 0
