1756821476526 7.987581081753733 0
1756821544165 7.987581081753733 0
1756821573643 7.987581081753733 0
1756821608129 4.5144355419786395 0
1756822074959 4.156241916802136 0
1756822104816 4.156241916802136 0
1756822121535 4.156241916802136 0
1756822151038 4.156241916802136 0
1756822480469 4.156241916802136 0
1756822507245 4.051600375286529 0
1756822514865 4.051600375286529 0
1756822543680 4.051600375286529 0
1756823500240 4.051600375286529 0
1756823623000 4.051600375286529 0
1756823640318 4.051600375286529 0
1756823775829 4.051600375286529 0
1756825091131 4.051600375286529 0
1756825211646 4.051600375286529 0
1756825266496 4.051600375286529 0
1756825457256 4.051600375286529 0
1756829288612 4.051600375286529 0
1756829731739 4.051600375286529 0
1756829766920 4.051600375286529 0
1756830284861 4.051600375286529 0
1756831307146 4.051600375286529 0
1756831325805 4.051600375286529 0
1756831343166 4.051600375286529 0
1756831366688 4.051600375286529 0
1756832589440 4.051600375286529 0
1756832692852 4.051600375286529 0
1756832743659 4.051600375286529 0
1756832843076 4.051600375286529 0
