1756821476526 -1.403313241842663 0
1756821544165 -1.403313241842663 0
1756821573643 -1.403313241842663 0
1756821608129 -0.0004332942504119419 0
1756822074959 0.07828889609381706 0
1756822104816 0.07828889609381706 0
1756822121535 0.07828889609381706 0
1756822151038 0.07828889609381706 0
1756822480469 0.07828889609381706 0
1756822507245 0.18790068721725006 0
1756822514865 0.18790068721725006 0
1756822543680 0.18790068721725006 0
1756823500240 0.18790068721725006 0
1756823623000 0.18790068721725006 0
1756823640318 0.18790068721725006 0
1756823775829 0.18790068721725006 0
1756825091131 0.18790068721725006 0
1756825211646 0.18790068721725006 0
1756825266496 0.18790068721725006 0
1756825457256 0.18790068721725006 0
1756829288612 0.18790068721725006 0
1756829731739 0.18790068721725006 0
1756829766920 0.18790068721725006 0
1756830284861 0.18790068721725006 0
1756831307146 0.18790068721725006 0
1756831325805 0.18790068721725006 0
1756831343166 0.18790068721725006 0
1756831366688 0.18790068721725006 0
1756832589440 0.18790068721725006 0
1756832692852 0.18790068721725006 0
1756832743659 0.18790068721725006 0
1756832843076 0.18790068721725006 0
