1755542524893 10.693453206908112 0
1755543559988 9.251703921076402 0
1755543623810 9.251703921076402 0
1755543770403 9.251703921076402 0
1755545813183 8.104868081546027 0
1755545869406 7.0521377166689705 0
1755545903741 7.0521377166689705 0
1755545962949 7.0521377166689705 0
1755546550851 7.0521377166689705 0
1755546596059 7.0521377166689705 0
1755546608655 7.0521377166689705 0
1755546656501 7.0521377166689705 0
1755555348124 7.0521377166689705 0
1755556590236 7.0521377166689705 0
1755556662920 7.0521377166689705 0
1755558011711 7.0521377166689705 0
