1755542524893 4.8355476981227286 0
1755543559988 4.146176887958387 0
1755543623810 4.146176887958387 0
1755543770403 4.146176887958387 0
1755545813183 1.8660722990994574 0
1755545869406 3.223864856738235 0
1755545903741 3.223864856738235 0
1755545962949 3.223864856738235 0
1755546550851 3.223864856738235 0
1755546596059 3.223864856738235 0
1755546608655 3.223864856738235 0
1755546656501 3.223864856738235 0
1755555348124 3.223864856738235 0
1755556590236 3.223864856738235 0
1755556662920 3.223864856738235 0
1755558011711 3.223864856738235 0
