1755542524893 0.4684122160163594 0
1755543559988 0.5600256199559488 0
1755543623810 0.5600256199559488 0
1755543770403 0.5600256199559488 0
1755545813183 0.9239949600297765 0
1755545869406 0.7798132340792537 0
1755545903741 0.7798132340792537 0
1755545962949 0.7798132340792537 0
1755546550851 0.7798132340792537 0
1755546596059 0.7798132340792537 0
1755546608655 0.7798132340792537 0
1755546656501 0.7798132340792537 0
1755555348124 0.7798132340792537 0
1755556590236 0.7798132340792537 0
1755556662920 0.7798132340792537 0
1755558011711 0.7798132340792537 0
