1756596057588 4.548363566522386 0
1756596125725 4.548363566522386 0
1756596151520 4.548363566090346 0
1756596175180 3.8695365061024076 0
1756596600120 3.487743902439027 0
1756596628538 3.487743902439027 0
1756596644332 3.487743902439027 0
1756596672967 3.487743902439027 0
1756597010610 3.487743902439027 0
1756597039094 3.487743902439027 0
1756597046321 3.487743902439027 0
1756597075587 3.487743902439027 0
1756598088816 3.342654921368855 0
1756598216901 3.342654921368855 0
1756598234462 3.342654921368855 0
1756598380083 3.342654921368855 0
1756599478275 3.342654921368855 0
1756599526274 3.342654921368855 0
1756599576890 3.342654921368855 0
1756599656604 3.342654921368855 0
1756603017662 3.342654921368855 0
1756603370640 3.342654921368855 0
1756603401937 3.342654921368855 0
1756603735161 3.342654921368855 0
1756604785656 3.342654921368855 0
1756604800203 3.342654921368855 0
1756604814897 3.342654921368855 0
1756604831899 3.342654921368855 0
1756605756936 3.342654921368855 0
1756605845029 3.342654921368855 0
1756605887267 3.342654921368855 0
1756605992344 3.342654921368855 0
