1756596057588 -9.684967091727058 0
1756596125725 -9.684967091727058 0
1756596151520 -9.684967091765756 0
1756596175180 -28.51826515203989 0
1756596600120 -5.559140790372685 0
1756596628538 -5.559140790372685 0
1756596644332 -5.559140790372685 0
1756596672967 -5.559140790372685 0
1756597010610 -5.559140790372685 0
1756597039094 -5.559140790372685 0
1756597046321 -5.559140790372685 0
1756597075587 -5.559140790372685 0
1756598088816 -15.708157850144845 0
1756598216901 -15.708157850144845 0
1756598234462 -15.708157850144845 0
1756598380083 -15.708157850144845 0
1756599478275 -15.708157850144845 0
1756599526274 -15.708157850144845 0
1756599576890 -15.708157850144845 0
1756599656604 -15.708157850144845 0
1756603017662 -15.708157850144845 0
1756603370640 -15.708157850144845 0
1756603401937 -15.708157850144845 0
1756603735161 -15.708157850144845 0
1756604785656 -15.708157850144845 0
1756604800203 -15.708157850144845 0
1756604814897 -15.708157850144845 0
1756604831899 -15.708157850144845 0
1756605756936 -15.708157850144845 0
1756605845029 -15.708157850144845 0
1756605887267 -15.708157850144845 0
1756605992344 -15.708157850144845 0
