1755538400592 -0.08824497961306466 0
1755539418421 0.1628333990200006 0
1755539475460 0.1628333990200006 0
1755539653076 0.33780914929101447 0
1755545235017 0.33780914929101447 0
1755545291247 0.33780914929101447 0
1755545327820 0.33780914929101447 0
1755545388454 0.33780914929101447 0
1755546164574 0.33780914929101447 0
1755546207312 0.33780914929101447 0
1755546219340 0.33780914929101447 0
1755546268871 0.33780914929101447 0
1755546963546 0.33780914929101447 0
1755548164107 0.33780914929101447 0
1755548217618 0.33780914929101447 0
1755549484720 0.33780914929101447 0
1755560662177 0.33780914929101447 0
1755561922889 0.33780914929101447 0
1755562005367 0.33780914929101447 0
1755563484429 0.33780914929101447 0
1755571449653 0.33780914929101447 0
1755572390004 0.33780914929101447 0
1755572459786 0.33780914929101447 0
1755573232468 0.33780914929101447 0
1755580775546 0.33780914929101447 0
1755580798369 0.33780914929101447 0
1755580818468 0.33780914929101447 0
1755580842642 0.33780914929101447 0
1755581259846 0.33780914929101447 0
1755581487702 0.33780914929101447 0
1755581523458 0.33780914929101447 0
1755581910934 0.33780914929101447 0
1755718244322 0.33780914929101447 0
