1755538400592 6.135504324991554 0
1755539418421 6.6945579369859605 0
1755539475460 6.6945579369859605 0
1755539653076 7.429696343807173 0
1755545235017 7.429696343807173 0
1755545291247 7.429696343807173 0
1755545327820 7.429696343807173 0
1755545388454 7.429696343807173 0
1755546164574 7.429696343807173 0
1755546207312 7.429696343807173 0
1755546219340 7.429696343807173 0
1755546268871 7.429696343807173 0
1755546963546 7.429696343807173 0
1755548164107 7.429696343807173 0
1755548217618 7.429696343807173 0
1755549484720 7.429696343807173 0
1755560662177 7.429696343807173 0
1755561922889 7.429696343807173 0
1755562005367 7.429696343807173 0
1755563484429 7.429696343807173 0
1755571449653 7.429696343807173 0
1755572390004 7.429696343807173 0
1755572459786 7.429696343807173 0
1755573232468 7.429696343807173 0
1755580775546 7.429696343807173 0
1755580798369 7.429696343807173 0
1755580818468 7.429696343807173 0
1755580842642 7.429696343807173 0
1755581259846 7.429696343807173 0
1755581487702 7.429696343807173 0
1755581523458 7.429696343807173 0
1755581910934 7.429696343807173 0
1755718244322 7.429696343807173 0
