1755538400592 4.804686480768958 0
1755539418421 5.2916479152494045 0
1755539475460 5.2916479152494045 0
1755539653076 5.952569545382139 0
1755545235017 5.952569545382139 0
1755545291247 5.952569545382139 0
1755545327820 5.952569545382139 0
1755545388454 5.952569545382139 0
1755546164574 5.952569545382139 0
1755546207312 5.952569545382139 0
1755546219340 5.952569545382139 0
1755546268871 5.952569545382139 0
1755546963546 5.952569545382139 0
1755548164107 5.952569545382139 0
1755548217618 5.952569545382139 0
1755549484720 5.952569545382139 0
1755560662177 5.952569545382139 0
1755561922889 5.952569545382139 0
1755562005367 5.952569545382139 0
1755563484429 5.952569545382139 0
1755571449653 5.952569545382139 0
1755572390004 5.952569545382139 0
1755572459786 5.952569545382139 0
1755573232468 5.952569545382139 0
1755580775546 5.952569545382139 0
1755580798369 5.952569545382139 0
1755580818468 5.952569545382139 0
1755580842642 5.952569545382139 0
1755581259846 5.952569545382139 0
1755581487702 5.952569545382139 0
1755581523458 5.952569545382139 0
1755581910934 5.952569545382139 0
