1756476538355 -148.72173293117552 0
1756476606968 -148.72173293117552 0
1756476635300 -148.72173293116967 0
1756476667466 -129.29948606444242 0
1756477041854 -129.29948606444242 0
1756477071055 -129.29948606444242 0
1756477087400 -129.29948606444242 0
1756477117433 -129.29948606444242 0
1756477422816 -129.29948606444242 0
1756477452357 -129.29948606444242 0
1756477460109 -129.29948606444242 0
1756477493012 -129.29948606444242 0
1756478704272 -129.29948606444242 0
1756478816426 -130.5503394519456 0
1756478833654 -130.5503394519456 0
1756478961040 -130.5503394519456 0
