1756476538355 9.387706928267459 0
1756476606968 9.387706928267459 0
1756476635300 9.387706928267466 0
1756476667466 8.291200995301551 0
1756477041854 8.291200995301551 0
1756477071055 8.291200995301551 0
1756477087400 8.291200995301551 0
1756477117433 8.291200995301551 0
1756477422816 8.291200995301551 0
1756477452357 8.291200995301551 0
1756477460109 8.291200995301551 0
1756477493012 8.291200995301551 0
1756478704272 8.291200995301551 0
1756478816426 8.01245033779171 0
1756478833654 8.01245033779171 0
1756478961040 8.01245033779171 0
