1756476538355 0.4618905607154776 0
1756476606968 0.4618905607154776 0
1756476635300 0.46189056071547685 0
1756476667466 -0.0003048050559482096 0
1756477041854 -0.0003048050559482096 0
1756477071055 -0.0003048050559482096 0
1756477087400 -0.0003048050559482096 0
1756477117433 -0.0003048050559482096 0
1756477422816 -0.0003048050559482096 0
1756477452357 -0.0003048050559482096 0
1756477460109 -0.0003048050559482096 0
1756477493012 -0.0003048050559482096 0
1756478704272 -0.0003048050559482096 0
1756478816426 0.37640205432768936 0
1756478833654 0.37640205432768936 0
1756478961040 0.37640205432768936 0
