1756476538355 -68.27541678849902 0
1756476606968 -68.27541678849902 0
1756476635300 -68.27541678849913 0
1756476667466 -126.91884307315016 0
1756477041854 -126.91884307315016 0
1756477071055 -126.91884307315016 0
1756477087400 -126.91884307315016 0
1756477117433 -126.91884307315016 0
1756477422816 -126.91884307315016 0
1756477452357 -126.91884307315016 0
1756477460109 -126.91884307315016 0
1756477493012 -126.91884307315016 0
1756478704272 -126.91884307315016 0
1756478816426 -79.12221295697573 0
1756478833654 -79.12221295697573 0
1756478961040 -79.12221295697573 0
