1756821641527 -0.030354003467474078 0
1756821717866 -0.030354003467474078 0
1756821751373 -0.03035400346745054 0
1756821787631 -0.03035400346745054 0
1756822167140 0.02256612632787547 0
1756822196793 0.044421412662334125 0
1756822214974 0.044421412662334125 0
1756822244547 0.044421412662334125 0
1756822550784 0.044421412662334125 0
1756822577760 0.044421412662334125 0
1756822585281 0.044421412662334125 0
1756822614513 0.044421412662334125 0
1756823791979 0.044421412662334125 0
1756823899831 0.044421412662334125 0
1756823918178 0.044421412662334125 0
1756824045208 0.044421412662334125 0
