1756821641527 8.997124135793374 0
1756821717866 8.997124135793374 0
1756821751373 8.997124135793511 0
1756821787631 8.997124135793511 0
1756822167140 6.4863754736334975 0
1756822196793 1.9962515772607135 0
1756822214974 1.9962515772607135 0
1756822244547 1.9962515772607135 0
1756822550784 1.9962515772607135 0
1756822577760 1.9962515772607135 0
1756822585281 1.9962515772607135 0
1756822614513 1.9962515772607135 0
1756823791979 1.9962515772607135 0
1756823899831 1.9962515772607135 0
1756823918178 1.9962515772607135 0
1756824045208 1.9962515772607135 0
