1756552857794 5.944327209560099 0
1756552927971 5.944327209560099 0
1756552953725 5.944327209560099 0
1756552990622 4.766032627263007 0
1756553475425 4.766032627263007 0
1756553506225 4.766032627263007 0
1756553522313 4.766032627263007 0
1756553553683 4.766032627263007 0
1756553889142 4.766032627263007 0
1756553923360 4.766032627263007 0
1756553930195 4.766032627263007 0
1756553964768 4.766032627263007 0
1756554697735 4.766032627263007 0
1756554837435 4.766032627263007 0
1756554854210 4.766032627263007 0
1756555008957 4.766032627263007 0
