1756552857794 -0.5554329813207008 0
1756552927971 -0.5554329813207008 0
1756552953725 -0.5554329813207008 0
1756552990622 -0.0074206443510718145 0
1756553475425 -0.0074206443510718145 0
1756553506225 -0.0074206443510718145 0
1756553522313 -0.0074206443510718145 0
1756553553683 -0.0074206443510718145 0
1756553889142 -0.0074206443510718145 0
1756553923360 -0.0074206443510718145 0
1756553930195 -0.0074206443510718145 0
1756553964768 -0.0074206443510718145 0
1756554697735 -0.0074206443510718145 0
1756554837435 -0.0074206443510718145 0
1756554854210 -0.0074206443510718145 0
1756555008957 -0.0074206443510718145 0
