1756799948837 0.8115281243725194 0
1756800031352 0.8115281243725194 0
1756800058350 0.8115281243725194 0
1756800079830 0.8510247468927395 0
1756800655711 0.8510247468927395 0
1756800684344 0.8510247468927395 0
1756800699809 0.8510247468927395 0
1756800728398 0.8510247468927395 0
1756801109634 0.8510247468927395 0
1756801135879 0.8510247468927395 0
1756801143713 0.8510247468927395 0
1756801171827 0.8510247468927395 0
1756801691497 0.8510247468927395 0
1756801827881 0.8510247468927395 0
1756801847281 0.8510247468927395 0
1756802009401 0.8510247468927395 0
