1756366051848 -0.031264691457928 0
1756366097371 -0.031264691457928 0
1756366123563 -0.03126469145792805 0
1756366144955 -0.0287842495812834 0
1756366542015 -0.003346838406914817 0
1756366569877 -0.003346838406914817 0
1756366586416 -0.003346838406914817 0
1756366616132 -0.003346838406914817 0
1756366931302 -0.003346838406914817 0
1756366957404 -0.003346838406914817 0
1756366964435 -0.003346838406914817 0
1756366992357 -0.003346838406914817 0
1756367824742 -0.003346838406914817 0
1756367927130 -0.003346838406914817 0
1756367943932 -0.003346838406914817 0
1756368066073 -0.003346838406914817 0
