1756279933614 0.022824802518520492 0
1756280028941 0.022824802518520492 0
1756280065082 0.021353766164200746 0
1756280100461 0.010225037298192215 0
1756280906162 0.010225037298192215 0
1756281273655 0.006773154828710384 0
1756281302837 0.006773154828710384 0
1756281685560 0.006773154828710384 0
1756285967871 0.006773154828710384 0
1756285986026 0.006773154828710384 0
1756286001488 0.006773154828710384 0
1756286022026 0.006773154828710384 0
1756286360622 0.006773154828710384 0
1756286416256 0.006773154828710384 0
1756286439179 0.006773154828710384 0
1756286525964 0.006773154828710384 0
