1756279933614 127.98909357648289 0
1756280028941 127.98909357648289 0
1756280065082 97.66689830363799 0
1756280100461 90.07854700877104 0
1756280906162 90.07854700877104 0
1756281273655 67.0678224342997 0
1756281302837 67.0678224342997 0
1756281685560 67.0678224342997 0
1756285967871 67.0678224342997 0
1756285986026 67.0678224342997 0
1756286001488 67.0678224342997 0
1756286022026 67.0678224342997 0
1756286360622 67.0678224342997 0
1756286416256 67.0678224342997 0
1756286439179 67.0678224342997 0
1756286525964 67.0678224342997 0
