1757409363415 18.046493464622287 0
1757409381309 18.046493464622287 0
1757409398741 18.499109274686784 0
1757409423800 18.499109274686784 0
1757410657066 28.46961565033543 0
1757411292852 28.46961565033543 0
1757411327271 28.46961565033543 0
1757411964230 28.46961565033543 0
1757415786163 28.46961565033543 0
1757415806010 28.46961565033543 0
1757415819746 28.46961565033543 0
1757415844947 28.46961565033543 0
1757416406212 28.46961565033543 0
1757416469034 28.46961565033543 0
1757416503995 28.46961565033543 0
1757416614124 28.46961565033543 0
