1756460819202 0.6402148667555844 0
1756460879911 0.6427095256068123 0
1756460908418 0.6427095256068123 0
1756460928775 0.43527032687342126 0
1756461291403 0.43527032687342126 0
1756461317762 0.43527032687342126 0
1756461333201 0.43527032687342126 0
1756461360280 0.43527032687342126 0
1756461653775 0.43527032687342126 0
1756461678937 0.43527032687342126 0
1756461686129 0.43527032687342126 0
1756461712443 0.43527032687342126 0
1756462890122 0.4289134386966104 0
1756463007731 0.4289134386966104 0
1756463025052 0.4289134386966104 0
1756463162554 0.4289134386966104 0
