1756911722016 1.8600462978393144 0
1756911777836 1.8600462978393144 0
1756911799507 1.8600462978393144 0
1756911821898 2.025298679873425 0
1756912294545 2.025298679873425 0
1756912322809 2.025298679873425 0
1756912339507 2.025298679873425 0
1756912369600 2.025298679873425 0
1756912727674 2.025298679873425 0
1756912753751 2.025298679873425 0
1756912762379 2.025298679873425 0
1756912792156 2.025298679873425 0
1756913318562 2.025298679873425 0
1756913445535 2.025298679873425 0
1756913462943 2.025298679873425 0
1756913603206 2.025298679873425 0
1756914625296 2.025298679873425 0
1756914661951 2.025298679873425 0
1756914696162 2.025298679873425 0
1756914757679 2.025298679873425 0
1756916076012 2.025298679873425 0
1756916376992 2.025298679873425 0
1756916412616 2.025298679873425 0
1756916775448 2.025298679873425 0
1756919686621 2.025298679873425 0
1756919704022 2.025298679873425 0
1756919717880 2.025298679873425 0
1756919735225 2.025298679873425 0
1756920140018 2.025298679873425 0
1756920208238 2.025298679873425 0
1756920236001 2.025298679873425 0
1756920333443 2.025298679873425 0
