1756595785156 -24.977059582522067 0
1756595851358 -24.977059582522067 0
1756595875851 -24.977059582522067 0
1756595898381 -25.039929617618142 0
1756596414550 -25.039929617618142 0
1756596443635 -25.039929617618142 0
1756596459464 -25.039929617618142 0
1756596488925 -25.039929617618142 0
1756596849075 -25.039929617618142 0
1756596880570 -25.039929617618142 0
1756596888388 -25.039929617618142 0
1756596921660 -25.039929617618142 0
1756597437273 -25.039929617618142 0
1756597572043 -25.039929617618142 0
1756597589113 -25.039929617618142 0
1756597741586 -25.039929617618142 0
1756598961310 -25.039929617618142 0
1756599003950 -25.039929617618142 0
1756599057338 -25.039929617618142 0
1756599145068 -25.039929617618142 0
1756600897199 -25.039929617618142 0
1756601383965 -25.039929617618142 0
1756601422380 -25.039929617618142 0
1756601890970 -25.039929617618142 0
1756604662168 -25.711953642973914 0
1756604676795 -25.711953642973914 0
1756604691623 -25.172248663101602 0
1756604708229 -25.172248663101602 0
1756605223175 -25.172248663101602 0
1756605330805 -25.172248663101602 0
1756605371695 -25.172248663101602 0
1756605483010 -24.103623365890293 0
