1756595785156 -0.026487231902523334 0
1756595851358 -0.026487231902523334 0
1756595875851 -0.02648723190252178 0
1756595898381 -0.00030390392849732883 0
1756596414550 -0.00030390392849732883 0
1756596443635 -0.00030390392849732883 0
1756596459464 -0.00030390392849732883 0
1756596488925 -0.00030390392849732883 0
1756596849075 -0.00030390392849732883 0
1756596880570 -0.00030390392849732883 0
1756596888388 -0.00030390392849732883 0
1756596921660 -0.00030390392849732883 0
1756597437273 -0.00030390392849732883 0
1756597572043 -0.00030390392849732883 0
1756597589113 -0.00030390392849732883 0
1756597741586 -0.00030390392849732883 0
1756598961310 -0.00030390392849732883 0
1756599003950 -0.00030390392849732883 0
1756599057338 -0.00030390392849732883 0
1756599145068 -0.00030390392849732883 0
1756600897199 -0.00030390392849732883 0
1756601383965 -0.00030390392849732883 0
1756601422380 -0.00030390392849732883 0
1756601890970 -0.00030390392849732883 0
