1755886754258 15.2598197904003 0
1755886803245 15.2598197904003 0
1755886948133 13.347169972010352 0
1755891631371 13.347169972010352 0
1755891678388 13.347169972010352 0
1755891706259 13.347169972010352 0
1755891753915 13.347169972010352 0
1755892402484 13.347169972010352 0
1755892441612 13.347169972010352 0
1755892451823 13.347169972010352 0
1755892493759 13.347169972010352 0
1755892958775 13.347169972010352 0
1755893344412 13.347169972010352 0
1755893363569 13.347169972010352 0
1755893792085 13.347169972010352 0
