1755886754258 8.12850543844137 0
1755886803245 8.12850543844137 0
1755886948133 7.229301570950564 0
1755891631371 7.229301570950564 0
1755891678388 7.229301570950564 0
1755891706259 7.229301570950564 0
1755891753915 7.229301570950564 0
1755892402484 7.229301570950564 0
1755892441612 7.229301570950564 0
1755892451823 7.229301570950564 0
1755892493759 7.229301570950564 0
1755892958775 7.229301570950564 0
1755893344412 7.229301570950564 0
1755893363569 7.229301570950564 0
1755893792085 7.229301570950564 0
