1756912097687 2.0805475954411845 0
1756912147718 1.7979658428034428 0
1756912168890 1.7979658428034428 0
1756912191340 1.7979658428034428 0
1756912572980 1.7979658428034428 0
1756912603071 1.2816114261477427 0
1756912619646 1.2816114261477427 0
1756912649150 1.2816114261477427 0
1756912950616 1.2816114261477427 0
1756912979602 1.2816114261477427 0
1756912988516 1.2816114261477427 0
1756913018842 1.2816114261477427 0
1756914162957 1.2816114261477427 0
1756914269102 1.2816114261477427 0
1756914286668 1.2816114261477427 0
1756914406314 1.2816114261477427 0
