1756912097687 -0.024968596885339478 0
1756912147718 0.23454771695473853 0
1756912168890 0.23454771695473853 0
1756912191340 0.23454771695473853 0
1756912572980 0.23454771695473853 0
1756912603071 0.6110730925557295 0
1756912619646 0.6110730925557295 0
1756912649150 0.6110730925557295 0
1756912950616 0.6110730925557295 0
1756912979602 0.6110730925557295 0
1756912988516 0.6110730925557295 0
1756913018842 0.6110730925557295 0
1756914162957 0.6110730925557295 0
1756914269102 0.6110730925557295 0
1756914286668 0.6110730925557295 0
1756914406314 0.6110730925557295 0
