1757407122855 5381.904599077294 0
1757407193120 5381.904599077294 0
1757407216298 5381.904599077289 0
1757407235978 4781.232476516245 0
1757407680556 4781.232476516245 0
1757407714312 4781.232476516245 0
1757407731892 4781.232476516245 0
1757407769555 4781.232476516245 0
1757408269062 4781.232476516245 0
1757408317605 4781.232476516245 0
1757408326358 4781.232476516245 0
1757408375523 4781.232476516245 0
1757409088588 4781.232476516245 0
1757409149586 4781.232476516245 0
1757409165039 4781.232476516245 0
1757409241508 4781.232476516245 0
1757409622073 4781.232476516245 0
1757409644892 4781.232476516245 0
1757409669782 4781.232476516245 0
1757409693830 4781.232476516245 0
1757414548410 4781.232476516245 0
1757415125172 4781.232476516245 0
1757415162334 4781.232476516245 0
1757415692378 4781.232476516245 0
1757416031225 67.55963824352072 0
1757416049815 67.55963824352072 0
1757416066077 67.91418072337848 0
1757416092222 67.91418072337848 0
1757417157801 67.91418072337848 0
1757417244570 67.91418072337848 0
1757417277372 67.91418072337848 0
1757417406718 67.91418072337848 0
