1757407122855 -2.797270175541125 0
1757407193120 -2.797270175541125 0
1757407216298 -2.79727017554112 0
1757407235978 -1.6816268036294089 0
1757407680556 -1.6816268036294089 0
1757407714312 -1.6816268036294089 0
1757407731892 -1.6816268036294089 0
1757407769555 -1.6816268036294089 0
1757408269062 -1.6816268036294089 0
1757408317605 -1.6816268036294089 0
1757408326358 -1.6816268036294089 0
1757408375523 -1.6816268036294089 0
1757409088588 -1.6816268036294089 0
1757409149586 -1.6816268036294089 0
1757409165039 -1.6816268036294089 0
1757409241508 -1.6816268036294089 0
1757409622073 -1.6816268036294089 0
1757409644892 -1.6816268036294089 0
1757409669782 -1.6816268036294089 0
1757409693830 -1.6816268036294089 0
1757414548410 -1.6816268036294089 0
1757415125172 -1.6816268036294089 0
1757415162334 -1.6816268036294089 0
1757415692378 -1.6816268036294089 0
1757416031225 -0.02761200222503324 0
1757416049815 -0.02761200222503324 0
1757416066077 -0.005515417415026924 0
1757416092222 -0.005515417415026924 0
1757417157801 -0.005515417415026924 0
1757417244570 -0.005515417415026924 0
1757417277372 -0.005515417415026924 0
1757417406718 -0.005515417415026924 0
