1757407122855 20.119590220560738 0
1757407193120 20.119590220560738 0
1757407216298 20.119590220560738 0
1757407235978 19.790984289487334 0
1757407680556 19.790984289487334 0
1757407714312 19.790984289487334 0
1757407731892 19.790984289487334 0
1757407769555 19.790984289487334 0
1757408269062 19.790984289487334 0
1757408317605 19.790984289487334 0
1757408326358 19.790984289487334 0
1757408375523 19.790984289487334 0
1757409088588 19.790984289487334 0
1757409149586 19.790984289487334 0
1757409165039 19.790984289487334 0
1757409241508 19.790984289487334 0
1757409622073 19.790984289487334 0
1757409644892 19.790984289487334 0
1757409669782 19.790984289487334 0
1757409693830 19.790984289487334 0
1757414548410 19.790984289487334 0
1757415125172 19.790984289487334 0
1757415162334 19.790984289487334 0
1757415692378 19.790984289487334 0
