1757407122855 161.22482829054934 0
1757407193120 161.22482829054934 0
1757407216298 161.22482829054934 0
1757407235978 161.40153924716967 0
1757407680556 161.40153924716967 0
1757407714312 161.40153924716967 0
1757407731892 161.40153924716967 0
1757407769555 161.40153924716967 0
1757408269062 161.40153924716967 0
1757408317605 161.40153924716967 0
1757408326358 161.40153924716967 0
1757408375523 161.40153924716967 0
1757409088588 161.40153924716967 0
1757409149586 161.40153924716967 0
1757409165039 161.40153924716967 0
1757409241508 161.40153924716967 0
1757409622073 161.40153924716967 0
1757409644892 161.40153924716967 0
1757409669782 161.40153924716967 0
1757409693830 161.40153924716967 0
1757414548410 161.40153924716967 0
1757415125172 161.40153924716967 0
1757415162334 161.40153924716967 0
1757415692378 161.40153924716967 0
