1756280332477 -0.0017046135913947064 0
1756280403939 -0.0017046135913947064 0
1756280445146 -0.0017046135913947064 0
1756280482343 -0.00045671348713070755 0
1756282578548 -0.00034130426473226184 0
1756283150731 -0.00035660193845338164 0
1756283183267 -0.00035660193845338164 0
1756283843804 -0.0003563685321738336 0
1756286111569 -0.0003563685321738336 0
1756286131422 -0.0003563685321738336 0
1756286147852 -0.0003563685321738336 0
1756286172327 -0.0003563685321738336 0
1756286743611 -0.0003362826015713502 0
1756286785369 -0.0003362826015713502 0
1756286806334 -0.0003362826015713502 0
1756286896398 -0.0003362826015713502 0
