1756280332477 -2.4071496260694243 0
1756280403939 -2.4071496260694243 0
1756280445146 -2.4071496260694243 0
1756280482343 -0.3909103939045713 0
1756282578548 -0.03175325067406254 0
1756283150731 -0.013147339390063184 0
1756283183267 -0.013147339390063184 0
1756283843804 -0.010835709694255735 0
1756286111569 -0.010835709694255735 0
1756286131422 -0.010835709694255735 0
1756286147852 -0.010835709694255735 0
1756286172327 -0.010835709694255735 0
1756286743611 -5.6916955324393115e-06 0
1756286785369 -5.6916955324393115e-06 0
1756286806334 -5.6916955324393115e-06 0
1756286896398 -5.6916955324393115e-06 0
