1756730511699 0.17799265274109788 0
1756730543047 0.17799265274109788 0
1756730579244 0.17799265274109788 0
1756730640051 0.17799265274109788 0
1756733860739 0.27233403185038896 0
1756734307176 0.27233403185038896 0
1756734341030 0.27550233731309237 0
1756734788784 0.27550233731309237 0
1756736003633 0.27550233731309237 0
1756736019502 0.27550233731309237 0
1756736032372 0.27550233731309237 0
1756736048148 0.27550233731309237 0
1756736746007 0.27550233731309237 0
1756736802619 0.27550233731309237 0
1756736830896 0.27550233731309237 0
1756736925278 0.27550233731309237 0
