1756673966639 0.5795984474069085 0
1756674034168 0.5440104662109302 0
1756674057780 0.5440104662109302 0
1756674079089 0.5440104662109302 0
1756674565441 0.5121935306424842 0
1756674592217 0.4669474364658863 0
1756674607689 0.4669474364658863 0
1756674635165 0.4669474364658863 0
1756674996054 0.4669474364658863 0
1756675023192 0.4669474364658863 0
1756675030192 0.4669474364658863 0
1756675058895 0.4669474364658863 0
1756675374422 0.4669474364658863 0
1756675465006 0.45059403167733053 0
1756675481277 0.45059403167733053 0
1756675589320 0.45059403167733053 0
