1756673966639 0.4079152006764031 0
1756674034168 0.5300856243344555 0
1756674057780 0.5300856243344555 0
1756674079089 0.5300856243344555 0
1756674565441 0.09960884731006482 0
1756674592217 0.2861282499335584 0
1756674607689 0.2861282499335584 0
1756674635165 0.2861282499335584 0
1756674996054 0.2861282499335584 0
1756675023192 0.2861282499335584 0
1756675030192 0.2861282499335584 0
1756675058895 0.2861282499335584 0
1756675374422 0.2861282499335584 0
1756675465006 0.36530781842941046 0
1756675481277 0.36530781842941046 0
1756675589320 0.36530781842941046 0
