1756673966639 0.4415908178712434 0
1756674034168 0.4935905151901771 0
1756674057780 0.4935905151901771 0
1756674079089 0.4935905151901771 0
1756674565441 0.22944161230448218 0
1756674592217 0.3605407260247194 0
1756674607689 0.3605407260247194 0
1756674635165 0.3605407260247194 0
1756674996054 0.3605407260247194 0
1756675023192 0.3605407260247194 0
1756675030192 0.3605407260247194 0
1756675058895 0.3605407260247194 0
1756675374422 0.3605407260247194 0
1756675465006 0.3759947188217343 0
1756675481277 0.3759947188217343 0
1756675589320 0.3759947188217343 0
