1756221751697 -25475.880905620354 0
1756221822053 -25475.880905620354 0
1756221849228 -25475.880905620354 0
1756221884753 -24836.796596134973 0
1756222578345 -24836.796596134973 0
1756222603762 -24836.796596134973 0
1756222618605 -24836.796596134973 0
1756222644778 -24836.796596134973 0
1756223026760 -24836.796596134973 0
1756223051781 -24836.796596134973 0
1756223058470 -24836.796596134973 0
1756223085480 -24836.796596134973 0
1756223407943 -24836.796596134973 0
1756223521406 -24836.796596134973 0
1756223540162 -24836.796596134973 0
1756223669690 -24836.796596134973 0
