1756221751697 13.282857725735884 0
1756221822053 13.282857725735884 0
1756221849228 13.282857725735884 0
1756221884753 13.007888124937425 0
1756222578345 13.007888124937425 0
1756222603762 13.007888124937425 0
1756222618605 13.007888124937425 0
1756222644778 13.007888124937425 0
1756223026760 13.007888124937425 0
1756223051781 13.007888124937425 0
1756223058470 13.007888124937425 0
1756223085480 13.007888124937425 0
1756223407943 13.007888124937425 0
1756223521406 13.007888124937425 0
1756223540162 13.007888124937425 0
1756223669690 13.007888124937425 0
