1756221751697 159.3485195784524 0
1756221822053 159.3485195784524 0
1756221849228 159.3485195784524 0
1756221884753 159.58257572645417 0
1756222578345 159.58257572645417 0
1756222603762 159.58257572645417 0
1756222618605 159.58257572645417 0
1756222644778 159.58257572645417 0
1756223026760 159.58257572645417 0
1756223051781 159.58257572645417 0
1756223058470 159.58257572645417 0
1756223085480 159.58257572645417 0
1756223407943 159.58257572645417 0
1756223521406 159.58257572645417 0
1756223540162 159.58257572645417 0
1756223669690 159.58257572645417 0
