1756719972282 -2.812983377024075 0
1756720010995 -2.849497924083725 0
1756720071844 -2.849497924083725 0
1756720144243 -2.7989841206271997 0
1756723794784 -2.613253590973383 0
1756724145099 -2.613253590973383 0
1756724185352 -2.613037318343091 0
1756724485100 -2.613037318343091 0
1756724750174 -2.613037318343091 0
1756724768916 -2.613037318343091 0
1756724782668 -2.4832053333333333 0
1756724799638 -2.4832053333333333 0
1756725796238 -2.4832053333333333 0
1756725859418 -2.4832053333333333 0
1756725885881 -2.4832053333333333 0
1756725959661 -2.4832053333333333 0
