1756661010788 1.2842228513088634 0
1756661094989 0.9809399927676029 0
1756661120025 0.9809399927676029 0
1756661140105 0.8768941223301191 0
1756661592651 0.6520199999999999 0
1756661621822 0.6520199999999999 0
1756661638733 0.6520199999999999 0
1756661668680 0.6520199999999999 0
1756662010759 0.7964999999999998 0
1756662038349 0.7964999999999998 0
1756662045945 0.7964999999999998 0
1756662075191 0.7964999999999998 0
1756663019869 0.6052030830383301 0
1756663135059 0.5801792984008789 0
1756663152828 0.5801792984008789 0
1756663282663 0.5801792984008789 0
