1756661010788 8.700638079971009 0
1756661094989 6.532545443924227 0
1756661120025 6.532545443924227 0
1756661140105 5.693840845398788 0
1756661592651 4.320399561254218 0
1756661621822 4.320399561254218 0
1756661638733 4.320399561254218 0
1756661668680 4.320399561254218 0
1756662010759 5.26465983269651 0
1756662038349 5.26465983269651 0
1756662045945 5.26465983269651 0
1756662075191 5.26465983269651 0
1756663019869 4.011195800839463 0
1756663135059 3.8491222302661012 0
1756663152828 3.8491222302661012 0
1756663282663 3.8491222302661012 0
