1756661010788 -4.528036038106332 0
1756661094989 -2.181605898309084 0
1756661120025 -2.181605898309084 0
1756661140105 -1.1072374856676999 0
1756661592651 -0.7400754563621541 0
1756661621822 -0.7400754563621541 0
1756661638733 -0.7400754563621541 0
1756661668680 -0.7400754563621541 0
1756662010759 -0.734519046907582 0
1756662038349 -0.734519046907582 0
1756662045945 -0.734519046907582 0
1756662075191 -0.734519046907582 0
1756663019869 -0.161844379763866 0
1756663135059 -0.0005567639989068063 0
1756663152828 -0.0005567639989068063 0
1756663282663 -0.0005567639989068063 0
