1756661010788 0.9107352188571101 0
1756661094989 0.7204760427698477 0
1756661120025 0.7204760427698477 0
1756661140105 0.9593852056501374 0
1756661592651 0.5121656050955418 0
1756661621822 0.5121656050955418 0
1756661638733 0.5121656050955418 0
1756661668680 0.5121656050955418 0
1756662010759 0.5248407643312102 0
1756662038349 0.5248407643312102 0
1756662045945 0.5248407643312102 0
1756662075191 0.5248407643312102 0
1756663019869 0.577807409930381 0
1756663135059 0.5527147431586199 0
1756663152828 0.5527147431586199 0
1756663282663 0.5527147431586199 0
