1756661010788 -1.7160891287807045 0
1756661094989 -1.0208469928644117 0
1756661120025 -1.0208469928644117 0
1756661140105 -1.68624703508146 0
1756661592651 -0.4726853958280263 0
1756661621822 -0.4726853958280263 0
1756661638733 -0.4726853958280263 0
1756661668680 -0.4726853958280263 0
1756662010759 -1.0130792993630575 0
1756662038349 -1.0130792993630575 0
1756662045945 -1.0130792993630575 0
1756662075191 -1.0130792993630575 0
1756663019869 -0.8118510385582539 0
1756663135059 -0.7782630338082724 0
1756663152828 -0.7782630338082724 0
1756663282663 -0.7782630338082724 0
