1757080855814 45.84013998172027 0
1757080949573 11.31223366698828 0
1757081004138 11.31223366698828 0
1757081080787 7.419793585320167 0
1757084153897 6.895031104045332 0
1757084582748 6.895031104045332 0
1757084611652 6.895031104045332 0
1757085049180 6.895031104045332 0
1757085972462 6.327517119199914 0
1757085986805 6.256724804199062 0
1757086002008 6.256724804199062 0
1757086019752 6.256724804199062 0
1757086965535 6.256724804199062 0
1757087047404 6.256724804199062 0
1757087073932 6.256724804199062 0
1757087175786 6.256724804199062 0
