1757080855814 -47.844930976168136 0
1757080949573 -2.808263134847475 0
1757081004138 -2.808263134847475 0
1757081080787 -0.5388113353890771 0
1757084153897 -0.3792448947726781 0
1757084582748 -0.3792448947726781 0
1757084611652 -0.3792448947726781 0
1757085049180 -0.3792448947726781 0
1757085972462 -0.1890625777190944 0
1757085986805 -0.0985082455719899 0
1757086002008 -0.0985082455719899 0
1757086019752 -0.0985082455719899 0
1757086965535 -0.0985082455719899 0
1757087047404 -0.0985082455719899 0
1757087073932 -0.0985082455719899 0
1757087175786 -0.0985082455719899 0
