1756291100513 0.25437875788469644 0
1756291178735 0.25437875788469644 0
1756291204428 0.25437875788469644 0
1756291226217 0.25437875788469644 0
1756291825444 0.25437875788469644 0
1756291854465 0.25437875788469644 0
1756291869441 0.25437875788469644 0
1756291898972 0.25437875788469644 0
1756292260600 0.25437875788469644 0
1756292290247 0.25437875788469644 0
1756292298069 0.25437875788469644 0
1756292329399 0.25437875788469644 0
1756292859099 0.25437875788469644 0
1756292979251 0.25437875788469644 0
1756292994825 0.25437875788469644 0
1756293132258 0.25437875788469644 0
1756294384784 0.25437875788469644 0
1756294436897 0.30617317170016367 0
1756294464399 0.30617317170016367 0
1756294578403 0.30617317170016367 0
1756295901506 0.30617317170016367 0
1756296393988 0.30617317170016367 0
1756296421207 0.30617317170016367 0
1756296790373 0.30617317170016367 0
1756299575283 0.30617317170016367 0
1756299593575 0.30617317170016367 0
1756299610192 0.30617317170016367 0
1756299627937 0.30617317170016367 0
1756300295479 0.30617317170016367 0
1756300369628 0.30617317170016367 0
1756300401663 0.30617317170016367 0
1756300553078 0.30617317170016367 0
