1756291100513 0.3294879735438012 0
1756291178735 0.3294879735438012 0
1756291204428 0.3294879735438012 0
1756291226217 0.3294879735438012 0
1756291825444 0.3294879735438012 0
1756291854465 0.3294879735438012 0
1756291869441 0.3294879735438012 0
1756291898972 0.3294879735438012 0
1756292260600 0.3294879735438012 0
1756292290247 0.3294879735438012 0
1756292298069 0.3294879735438012 0
1756292329399 0.3294879735438012 0
1756292859099 0.3294879735438012 0
1756292979251 0.3294879735438012 0
1756292994825 0.3294879735438012 0
1756293132258 0.3294879735438012 0
1756294384784 0.3294879735438012 0
