1756235642667 7.466283944796635 0
1756235725849 6.929250620044939 0
1756235754234 6.929250620044939 0
1756235785625 6.5573719491244455 0
1756236306921 6.401623547679772 0
1756236340151 6.401623547679772 0
1756236356876 6.401623547679772 0
1756236388568 6.401623547679772 0
1756238260893 6.401623547679772 0
1756238293392 6.401623547679772 0
1756238300626 6.401623547679772 0
1756238334257 6.401623547679772 0
1756239118688 6.401623547679772 0
1756239266196 6.401623547679772 0
1756239285403 6.401623547679772 0
1756239465500 6.401623547679772 0
