1756235642667 -10.122895456685097 0
1756235725849 -41.62727320027469 0
1756235754234 -41.62727320027469 0
1756235785625 -43.37075735205654 0
1756236306921 -7.082452519435915 0
1756236340151 -7.082452519435915 0
1756236356876 -7.082452519435915 0
1756236388568 -7.082452519435915 0
1756238260893 -7.082452519435915 0
1756238293392 -7.082452519435915 0
1756238300626 -7.082452519435915 0
1756238334257 -7.082452519435915 0
1756239118688 -7.082452519435915 0
1756239266196 -7.082452519435915 0
1756239285403 -7.082452519435915 0
1756239465500 -7.082452519435915 0
