1755889347435 -74.58788614919798 0
1755890228081 -111.20152901335541 0
1755890280715 -111.20152901335541 0
1755890401403 -111.20152901335541 0
1755892109343 -43.03307192401192 0
1755892157732 -43.917197660550954 0
1755892186706 -43.917197660550954 0
1755892235672 -43.9240639197714 0
1755892738786 -43.9240639197714 0
1755892779098 -43.9240639197714 0
1755892789738 -43.9240639197714 0
1755892833288 -43.9240639197714 0
1755895764961 -43.9240639197714 0
1755896161366 -43.9240639197714 0
1755896181086 -43.9240639197714 0
1755896625852 -43.9240639197714 0
1755903213416 -43.9240639197714 0
1755903526005 -43.9240639197714 0
1755903639579 -43.9240639197714 0
1755903906829 -43.9240639197714 0
1755910888186 -43.9240639197714 0
1755911382416 -43.9240639197714 0
1755911449242 -43.9240639197714 0
