1755889347435 -0.29727526237705804 0
1755890228081 0.028954362638277775 0
1755890280715 0.028954362638277775 0
1755890401403 0.028954362638277775 0
1755892109343 0.25477384146317006 0
1755892157732 0.43579392315438237 0
1755892186706 0.43579392315438237 0
1755892235672 0.43579392315438237 0
1755892738786 0.43579392315438237 0
1755892779098 0.43579392315438237 0
1755892789738 0.43579392315438237 0
1755892833288 0.43579392315438237 0
1755895764961 0.43579392315438237 0
1755896161366 0.43579392315438237 0
1755896181086 0.43579392315438237 0
1755896625852 0.43579392315438237 0
1755903213416 0.43579392315438237 0
1755903526005 0.43579392315438237 0
1755903639579 0.43579392315438237 0
1755903906829 0.43579392315438237 0
1755910888186 0.43579392315438237 0
1755911382416 0.43579392315438237 0
1755911449242 0.43579392315438237 0
1755912226822 0.4456575959833584 0
1755914551356 0.4456575959833584 0
1755914575253 0.4456575959833584 0
1755914596440 0.4456575959833584 0
1755914620218 0.4456575959833584 0
1755917400073 0.4456575959833584 0
1755917762939 0.4456575959833584 0
1755917802169 0.4456575959833584 0
1755918096208 0.4456575959833584 0
