1755889347435 6.280217794927392 0
1755890228081 5.713482520071119 0
1755890280715 5.713482520071119 0
1755890401403 5.713482520071119 0
1755892109343 2.374698100700298 0
1755892157732 4.041874414160543 0
1755892186706 4.041874414160543 0
1755892235672 4.041874414160543 0
1755892738786 4.041874414160543 0
1755892779098 4.041874414160543 0
1755892789738 4.041874414160543 0
1755892833288 4.041874414160543 0
1755895764961 4.041874414160543 0
1755896161366 4.041874414160543 0
1755896181086 4.041874414160543 0
1755896625852 4.041874414160543 0
1755903213416 4.041874414160543 0
1755903526005 4.041874414160543 0
1755903639579 4.041874414160543 0
1755903906829 4.041874414160543 0
1755910888186 4.041874414160543 0
1755911382416 4.041874414160543 0
1755911449242 4.041874414160543 0
