1755889347435 4.8355476981227286 0
1755890228081 4.146176887958387 0
1755890280715 4.146176887958387 0
1755890401403 4.146176887958387 0
1755892109343 1.8660722990994574 0
1755892157732 3.223864856738235 0
1755892186706 3.223864856738235 0
1755892235672 3.223864856738235 0
1755892738786 3.223864856738235 0
1755892779098 3.223864856738235 0
1755892789738 3.223864856738235 0
1755892833288 3.223864856738235 0
1755895764961 3.223864856738235 0
1755896161366 3.223864856738235 0
1755896181086 3.223864856738235 0
1755896625852 3.223864856738235 0
1755903213416 3.223864856738235 0
1755903526005 3.223864856738235 0
1755903639579 3.223864856738235 0
1755903906829 3.223864856738235 0
1755910888186 3.223864856738235 0
1755911382416 3.223864856738235 0
1755911449242 3.223864856738235 0
