1756291100443 -63.1091660146886 0
1756291178659 -63.1091660146886 0
1756291204344 -63.1091660146886 0
1756291226087 -63.1091660146886 0
1756291825173 -63.1091660146886 0
1756291854232 -63.1091660146886 0
1756291869194 -63.1091660146886 0
1756291898699 -63.1091660146886 0
1756292260200 -63.1091660146886 0
1756292289831 -63.1091660146886 0
1756292297614 -63.1091660146886 0
1756292328986 -63.1091660146886 0
1756292858546 -63.1091660146886 0
1756292978660 -63.1091660146886 0
1756292994219 -63.1091660146886 0
1756293131601 -63.1091660146886 0
