1756319164644 -0.7371106804833498 0
1756319236379 -0.7371106804833498 0
1756319263297 -0.7371106804833332 0
1756319292146 -0.02881436198547238 0
1756319764707 -0.02881436198547238 0
1756319796377 -0.02881436198547238 0
1756319812510 -0.02881436198547238 0
1756319844578 -0.02881436198547238 0
1756320171604 -0.02881436198547238 0
1756320212637 -0.02881436198547238 0
1756320219639 -0.02881436198547238 0
1756320263046 -0.02881436198547238 0
1756320997522 -0.02881436198547238 0
1756322988254 -0.02881436198547238 0
1756323930129 -0.02881436198547238 0
1756326846287 -0.02881436198547238 0
