1756202543478 -245225.9176344339 0
1756202642493 -245225.9176344339 0
1756202752691 -225961.0964880585 0
1756202898395 -189071.3723365849 0
1756203987787 -148410.53641328277 0
1756204017480 -183527.01481576328 0
1756204033015 -183527.01481576328 0
1756204063236 -183527.01481576328 0
1756204375462 -183527.01481576328 0
1756204406437 -183527.01481576328 0
1756204413288 -183527.01481576328 0
1756204445659 -183527.01481576328 0
1756205183082 -183527.01481576328 0
1756205319673 -183527.01481576328 0
1756205336014 -183527.01481576328 0
1756205496365 -183527.01481576328 0
1756206895133 -183527.01481576328 0
1756207032676 -183527.01481576328 0
1756207079521 -183527.01481576328 0
1756207151704 -183527.01481576328 0
1756209860425 -183527.01481576328 0
1756210342187 -183479.3181352717 0
1756210378992 -183479.3181352717 0
1756210930977 -183479.3181352717 0
1756212885681 -184300.81194380386 0
1756212902546 -184300.81194380386 0
1756212917623 -184300.81194380386 0
1756212934421 -184300.81194380386 0
1756214086270 -184300.81194380386 0
1756214179362 -184300.81194380386 0
1756214221506 -184300.81194380386 0
1756214350044 -184300.81194380386 0
