1756202543478 -0.3241880349595274 0
1756202642493 -0.3241880349595274 0
1756202752691 0.07673361363479936 0
1756202898395 -0.016850052144854244 0
1756203987787 0.8620538723733862 0
1756204017480 0.5196533790302729 0
1756204033015 0.5196533790302729 0
1756204063236 0.5196533790302729 0
1756204375462 0.5196533790302729 0
1756204406437 0.5196533790302729 0
1756204413288 0.5196533790302729 0
1756204445659 0.5196533790302729 0
1756205183082 0.5196533790302729 0
1756205319673 0.5196533790302729 0
1756205336014 0.5196533790302729 0
1756205496365 0.5196533790302729 0
1756206895133 0.5196533790302729 0
1756207032676 0.5196533790302729 0
1756207079521 0.5196533790302729 0
1756207151704 0.5196533790302729 0
1756209860425 0.5196533790302729 0
