1757516910935 -434476.13106709055 0
1757517035947 -434476.13106709055 0
1757517162589 -434476.13106709055 0
1757517318040 -312990.4176104826 0
1757518484742 -243874.16811933726 0
1757518515002 -304478.1664322837 0
1757518531245 -304478.1664322837 0
1757518560644 -304478.1664322837 0
1757518870219 -304478.1664322837 0
1757518899981 -304478.1664322837 0
1757518906955 -304478.1664322837 0
1757518938307 -304478.1664322837 0
1757519665639 -304478.1664322837 0
1757519808646 -304478.1664322837 0
1757519825961 -304478.1664322837 0
1757519983032 -304478.1664322837 0
