1757516910935 15.54563569782366 0
1757517035947 15.54563569782366 0
1757517162589 15.54563569782366 0
1757517318040 14.999192053930601 0
1757518484742 13.39202124375752 0
1757518515002 13.256330642280684 0
1757518531245 13.256330642280684 0
1757518560644 13.256330642280684 0
1757518870219 13.256330642280684 0
1757518899981 13.256330642280684 0
1757518906955 13.256330642280684 0
1757518938307 13.256330642280684 0
1757519665639 13.256330642280684 0
1757519808646 13.256330642280684 0
1757519825961 13.256330642280684 0
1757519983032 13.256330642280684 0
