1757491662533 -36179018313962.266 0
1757491733557 -36179018313962.266 0
1757491758159 -36179018313962.266 0
1757491785859 -36179045405621.66 0
1757492223646 -36179045405621.66 0
1757492250622 -36179045405621.66 0
1757492266835 -36179045405621.66 0
1757492297681 -36179045405621.66 0
1757492635794 -36179045405621.66 0
1757492663046 -36179045405621.66 0
1757492670621 -36179045405621.66 0
1757492698506 -36179045405621.66 0
1757493386955 -36179045405621.66 0
1757493442416 -36179045405621.66 0
1757493455064 -36179045405621.66 0
1757493528157 -36179045405621.66 0
1757494447834 -36179045405621.66 0
1757494472000 -36179045405621.66 0
1757494526737 -36179045405621.66 0
1757494592806 -36179062054668.86 0
1757498188014 -36179086120449.27 0
1757498702618 -36179086120449.27 0
1757498737847 -36179086120449.27 0
1757499286880 -36179086120449.27 0
1757500389946 -36179086120449.27 0
1757500411021 -36179086120449.27 0
1757500424264 -36179086120449.27 0
1757500443726 -36179086120449.27 0
1757501457849 -36179086120449.27 0
1757501547716 -36179086120449.27 0
1757501580865 -36179086120449.27 0
1757501677623 -36179086120449.27 0
