1757491662533 87.83969239453657 0
1757491733557 87.83969239453657 0
1757491758159 87.83969239453657 0
1757491785859 43.92463809618715 0
1757492223646 43.92463809618715 0
1757492250622 43.92463809618715 0
1757492266835 43.92463809618715 0
1757492297681 43.92463809618715 0
1757492635794 43.92463809618715 0
1757492663046 43.92463809618715 0
1757492670621 43.92463809618715 0
1757492698506 43.92463809618715 0
1757493386955 43.92463809618715 0
1757493442416 43.92463809618715 0
1757493455064 43.92463809618715 0
1757493528157 43.92463809618715 0
1757494447834 43.92463809618715 0
1757494472000 43.92463809618715 0
1757494526737 43.92463809618715 0
1757494592806 44.39360708569833 0
1757498188014 44.577772750612034 0
1757498702618 44.577772750612034 0
1757498737847 44.577772750612034 0
1757499286880 44.577772750612034 0
1757500389946 44.577772750612034 0
1757500411021 44.577772750612034 0
1757500424264 44.577772750612034 0
1757500443726 44.577772750612034 0
1757501457849 44.577772750612034 0
1757501547716 44.577772750612034 0
1757501580865 44.577772750612034 0
1757501677623 44.577772750612034 0
