1757491662533 -3.087007947018507 0
1757491733557 -3.087007947018507 0
1757491758159 -3.087007947018507 0
1757491785859 -0.0015905120131698425 0
1757492223646 -0.0015905120131698425 0
1757492250622 -0.0015905120131698425 0
1757492266835 -0.0015905120131698425 0
1757492297681 -0.0015905120131698425 0
1757492635794 -0.0015905120131698425 0
1757492663046 -0.0015905120131698425 0
1757492670621 -0.0015905120131698425 0
1757492698506 -0.0015905120131698425 0
1757493386955 -0.0015905120131698425 0
1757493442416 -0.0015905120131698425 0
1757493455064 -0.0015905120131698425 0
1757493528157 -0.0015905120131698425 0
1757494447834 -0.0015905120131698425 0
1757494472000 -0.0015905120131698425 0
1757494526737 -0.0015905120131698425 0
1757494592806 -0.0006537997636766324 0
1757498188014 0.15692346321292527 0
1757498702618 0.15692346321292527 0
1757498737847 0.15692346321292527 0
1757499286880 0.15692346321292527 0
1757500389946 0.15692346321292527 0
1757500411021 0.15692346321292527 0
1757500424264 0.15692346321292527 0
1757500443726 0.15692346321292527 0
1757501457849 0.15692346321292527 0
1757501547716 0.15692346321292527 0
1757501580865 0.15692346321292527 0
1757501677623 0.15692346321292527 0
