1757491662533 -0.00656474942178531 0
1757491733557 -0.00656474942178531 0
1757491758159 -0.00656474942178531 0
1757491785859 -0.006578922844459267 0
1757492223646 -0.006578922844459267 0
1757492250622 -0.006578922844459267 0
1757492266835 -0.006578922844459267 0
1757492297681 -0.006578922844459267 0
1757492635794 -0.006578922844459267 0
1757492663046 -0.006578922844459267 0
1757492670621 -0.006578922844459267 0
1757492698506 -0.006578922844459267 0
1757493386955 -0.006578922844459267 0
1757493442416 -0.006578922844459267 0
1757493455064 -0.006578922844459267 0
1757493528157 -0.006578922844459267 0
1757494447834 -0.006578922844459267 0
1757494472000 -0.006578922844459267 0
1757494526737 -0.006578922844459267 0
