1757517890008 -465065.88545565645 0
1757518020327 -621276.1711434644 0
1757518124530 -621276.1711434644 0
1757518293894 -338943.60000769823 0
1757518662344 -338943.60000769823 0
1757518689761 -370069.9325875519 0
1757518705715 -370069.9325875519 0
1757518733187 -370069.9325875519 0
1757519017578 -370069.9325875519 0
1757519044428 -370069.9325875519 0
1757519052022 -370069.9325875519 0
1757519080248 -370069.9325875519 0
1757520289456 -370069.9325875519 0
1757520403526 -370069.9325875519 0
1757520419899 -370069.9325875519 0
1757520551342 -370069.9325875519 0
