1757517890008 816.5739700239969 0
1757518020327 710.5431919512353 0
1757518124530 710.5431919512353 0
1757518293894 684.1016241348003 0
1757518662344 684.1016241348003 0
1757518689761 647.4758397787756 0
1757518705715 647.4758397787756 0
1757518733187 647.4758397787756 0
1757519017578 647.4758397787756 0
1757519044428 647.4758397787756 0
1757519052022 647.4758397787756 0
1757519080248 647.4758397787756 0
1757520289456 647.4758397787756 0
1757520403526 647.4758397787756 0
1757520419899 647.4758397787756 0
1757520551342 647.4758397787756 0
