1757517890008 227495.237474313 0
1757518020327 257411.02641385162 0
1757518124530 257411.02641385162 0
1757518293894 395961.1162172113 0
1757518662344 395961.1162172113 0
1757518689761 184876.79843730124 0
1757518705715 184876.79843730124 0
1757518733187 184876.79843730124 0
1757519017578 184876.79843730124 0
1757519044428 184876.79843730124 0
1757519052022 184876.79843730124 0
1757519080248 184876.79843730124 0
1757520289456 184876.79843730124 0
1757520403526 184876.79843730124 0
1757520419899 184876.79843730124 0
1757520551342 184876.79843730124 0
