1756727483086 22.23894610958294 0
1756727537247 19.93401734396577 0
1756727557529 19.93401734396577 0
1756727577146 19.93401734396577 0
1756727969277 17.554847342384452 0
1756727998507 17.554847342384452 0
1756728014602 17.554847342384452 0
1756728044520 17.554847342384452 0
1756728376098 17.554847342384452 0
1756728406225 17.554847342384452 0
1756728413653 17.554847342384452 0
1756728446237 17.554847342384452 0
1756729413831 17.554847342384452 0
1756729533780 17.554847342384452 0
1756729551707 17.554847342384452 0
1756729694089 17.554847342384452 0
