1756727483086 0.6685804843925817 0
1756727537247 0.49061154030278986 0
1756727557529 0.49061154030278986 0
1756727577146 0.49061154030278986 0
1756727969277 0.8784468308253407 0
1756727998507 0.8784468308253407 0
1756728014602 0.8784468308253407 0
1756728044520 0.8784468308253407 0
1756728376098 0.8784468308253407 0
1756728406225 0.8784468308253407 0
1756728413653 0.8784468308253407 0
1756728446237 0.8784468308253407 0
1756729413831 0.8784468308253407 0
1756729533780 0.8784468308253407 0
1756729551707 0.8784468308253407 0
1756729694089 0.8784468308253407 0
