1756727483086 -0.12524485076511482 0
1756727537247 -0.1925000750161641 0
1756727557529 -0.1925000750161641 0
1756727577146 -0.1925000750161641 0
1756727969277 -0.04593546190363871 0
1756727998507 -0.04593546190363871 0
1756728014602 -0.04593546190363871 0
1756728044520 -0.04593546190363871 0
1756728376098 -0.04593546190363871 0
1756728406225 -0.04593546190363871 0
1756728413653 -0.04593546190363871 0
1756728446237 -0.04593546190363871 0
1756729413831 -0.04593546190363871 0
1756729533780 -0.04593546190363871 0
1756729551707 -0.04593546190363871 0
1756729694089 -0.04593546190363871 0
