1756224866557 -25287.43632658982 0
1756224956419 -25287.43632658982 0
1756224992508 -25287.43632658982 0
1756225099732 -25491.671505400845 0
1756226071981 -25491.671505400845 0
1756226582959 -25491.671505400845 0
1756226611958 -24951.64763749651 0
1756227113357 -24951.64763749651 0
1756231961986 -25044.391666666666 0
1756231982282 -25044.391666666666 0
1756231997089 -25044.391666666666 0
1756232015063 -25223.596666666665 0
1756232344994 -25223.596666666665 0
1756232469525 -25223.596666666665 0
1756232500513 -25223.596666666665 0
1756232619027 -25223.596666666665 0
