1756224866557 18.15449381675806 0
1756224956419 18.15449381675806 0
1756224992508 18.15449381675806 0
1756225099732 16.869032190516545 0
1756226071981 16.869032190516545 0
1756226582959 16.869032190516545 0
1756226611958 16.691059190386227 0
1756227113357 16.691059190386227 0
1756231961986 16.200227418806584 0
1756231982282 16.200227418806584 0
1756231997089 16.200227418806584 0
1756232015063 14.747881203752625 0
1756232344994 14.747881203752625 0
1756232469525 14.747881203752625 0
1756232500513 14.747881203752625 0
1756232619027 14.747881203752625 0
