1756556733469 -53.9914478471657 0
1756556789394 -58.73454211553862 0
1756556849743 -58.73454211553862 0
1756556998052 -47.36083640399726 0
1756561210119 -47.36083640399726 0
1756561707904 -49.307448013553824 0
1756561743568 -49.307448013553824 0
1756562127098 -49.307448013553824 0
1756562395561 -49.307448013553824 0
1756562410671 -49.307448013553824 0
1756562423871 -49.307448013553824 0
1756562439098 -49.307448013553824 0
1756563733031 -49.307448013553824 0
1756563825336 -49.307448013553824 0
1756563850160 -49.307448013553824 0
1756563955222 -49.307448013553824 0
