1755539711607 0.16739556924771026 0
1755540834040 0.16739556924771026 0
1755540893970 0.16739556924772792 0
1755541037976 0.16739556924772792 0
1755545421681 0.1710425146352954 0
1755545479981 0.2778693898751984 0
1755545513556 0.2778693898751984 0
1755545573551 0.2778693898751984 0
1755546281572 0.2778693898751984 0
1755546328267 0.2778693898751984 0
1755546340621 0.2778693898751984 0
1755546391205 0.2778693898751984 0
1755549557956 0.2778693898751984 0
1755550830311 0.2778693898751984 0
1755550889591 0.2778693898751984 0
1755552265404 0.2778693898751984 0
1755563569526 0.2779281208256922 0
1755564099555 0.2779281208256922 0
1755564251315 0.2779281208256922 0
1755565421827 0.2779281208256922 0
1755573310069 0.2779281208256922 0
1755573945881 0.2846953839451357 0
1755574005116 0.2846953839451357 0
1755574916289 0.2846953839451357 0
1755580862991 0.2846953839451357 0
1755580891492 0.2846953839451357 0
1755580910581 0.32387185087507064 0
1755580935919 0.32387185087507064 0
1755581953838 0.32387185087507064 0
1755582430639 0.32387185087507064 0
1755582472495 0.32387185087507064 0
1755583316335 0.32387185087507064 0
