1755539711607 0.6981988142060642 0
1755540834040 0.6981988142060642 0
1755540893970 0.6981988142060636 0
1755541037976 0.6981988142060636 0
1755545421681 0.9148977276390687 0
1755545479981 0.7475979228369078 0
1755545513556 0.7475979228369078 0
1755545573551 0.7475979228369078 0
1755546281572 0.7475979228369078 0
1755546328267 0.7475979228369078 0
1755546340621 0.7475979228369078 0
1755546391205 0.7475979228369078 0
1755549557956 0.7475979228369078 0
1755550830311 0.7475979228369078 0
1755550889591 0.7475979228369078 0
1755552265404 0.7475979228369078 0
