1755539711607 3.8371571298099325 0
1755540834040 3.8371571298099325 0
1755540893970 3.8371571298099427 0
1755541037976 3.8371571298099427 0
1755545421681 2.0290903614457876 0
1755545479981 3.5075560742698735 0
1755545513556 3.5075560742698735 0
1755545573551 3.5075560742698735 0
1755546281572 3.5075560742698735 0
1755546328267 3.5075560742698735 0
1755546340621 3.5075560742698735 0
1755546391205 3.5075560742698735 0
1755549557956 3.5075560742698735 0
1755550830311 3.5075560742698735 0
1755550889591 3.5075560742698735 0
1755552265404 3.5075560742698735 0
