1755539711607 4.8137007264304605 0
1755540834040 4.8137007264304605 0
1755540893970 4.813700726430466 0
1755541037976 4.813700726430466 0
1755545421681 2.556166821782796 0
1755545479981 4.402152441375677 0
1755545513556 4.402152441375677 0
1755545573551 4.402152441375677 0
1755546281572 4.402152441375677 0
1755546328267 4.402152441375677 0
1755546340621 4.402152441375677 0
1755546391205 4.402152441375677 0
1755549557956 4.402152441375677 0
1755550830311 4.402152441375677 0
1755550889591 4.402152441375677 0
1755552265404 4.402152441375677 0
