1756730007489 0.4060487256425041 0
1756730073442 0.4060487256425041 0
1756730116308 0.4060487256425041 0
1756730153366 0.41310661834475826 0
1756730843008 0.41310661834475826 0
1756731306070 0.41310661834475826 0
1756731338597 0.41310661834475826 0
1756731808814 0.41310661834475826 0
1756735824573 0.41310661834475826 0
1756735839999 0.41310661834475826 0
1756735852507 0.41310661834475826 0
1756735869502 0.41310661834475826 0
1756736138902 0.41310661834475826 0
1756736193423 0.41310661834475826 0
1756736219781 0.41310661834475826 0
1756736302601 0.41310661834475826 0
