1757406598178 -26311.661810244877 0
1757406658197 -26311.661810244877 0
1757406686460 -26311.661810244877 0
1757406703673 -26379.03911781482 0
1757407252176 -26379.03911781482 0
1757407284503 -26379.03911781482 0
1757407301840 -26379.03911781482 0
1757407333759 -26379.03911781482 0
1757407777345 -26379.03911781482 0
1757407822094 -26441.61494485507 0
1757407831075 -26441.61494485507 0
1757407876505 -26441.61494485507 0
1757408389696 -26441.61494485507 0
1757408446293 -26441.61494485507 0
1757408461701 -26441.61494485507 0
1757408536125 -26441.61494485507 0
