1757406598178 -1.167851029850691 0
1757406658197 -1.167851029850691 0
1757406686460 -1.1678510298506897 0
1757406703673 -0.1947983428068909 0
1757407252176 -0.1947983428068909 0
1757407284503 -0.1947983428068909 0
1757407301840 -0.1947983428068909 0
1757407333759 -0.1947983428068909 0
1757407777345 -0.1947983428068909 0
1757407822094 -0.05136557288991783 0
1757407831075 -0.05136557288991783 0
1757407876505 -0.05136557288991783 0
1757408389696 -0.05136557288991783 0
1757408446293 -0.05136557288991783 0
1757408461701 -0.05136557288991783 0
1757408536125 -0.05136557288991783 0
