1757406598178 4.197327755857539 0
1757406658197 4.197327755857539 0
1757406686460 4.197327755857537 0
1757406703673 3.116057560332281 0
1757407252176 3.116057560332281 0
1757407284503 3.116057560332281 0
1757407301840 3.116057560332281 0
1757407333759 3.116057560332281 0
1757407777345 3.116057560332281 0
1757407822094 2.92304190571391 0
1757407831075 2.92304190571391 0
1757407876505 2.92304190571391 0
1757408389696 2.92304190571391 0
1757408446293 2.92304190571391 0
1757408461701 2.92304190571391 0
1757408536125 2.92304190571391 0
