1757406598178 162.1057667348908 0
1757406658197 162.1057667348908 0
1757406686460 162.1057667348908 0
1757406703673 162.5064314892335 0
1757407252176 162.5064314892335 0
1757407284503 162.5064314892335 0
1757407301840 162.5064314892335 0
1757407333759 162.5064314892335 0
1757407777345 162.5064314892335 0
1757407822094 162.548209182284 0
1757407831075 162.548209182284 0
1757407876505 162.548209182284 0
1757408389696 162.548209182284 0
1757408446293 162.548209182284 0
1757408461701 162.548209182284 0
1757408536125 162.548209182284 0
