1756664639937 -1.4460606581746833 0
1756664671021 -1.4871944531418844 0
1756664702176 -1.4871944531418844 0
1756664770621 -1.3143940062299633 0
1756669154590 -1.2022976376832333 0
1756669499731 -1.2022976376832333 0
1756669533673 -1.2022976376832333 0
1756670011527 -1.2022976376832333 0
1756670277938 -1.2022976376832333 0
1756670292125 -1.2022976376832333 0
1756670307367 -1.2022976376832333 0
1756670324539 -1.2022976376832333 0
1756671169198 -1.2022976376832333 0
1756671218443 -1.2022976376832333 0
1756671242685 -1.2022976376832333 0
1756671335820 -1.2022976376832333 0
