1756664639937 1.1111362608174393 0
1756664671021 0.8999361583519835 0
1756664702176 0.8999361583519835 0
1756664770621 0.8247914610616168 0
1756669154590 0.7729964836651569 0
1756669499731 0.7729964836651569 0
1756669533673 0.7729964836651569 0
1756670011527 0.7729964836651569 0
1756670277938 0.7729964836651569 0
1756670292125 0.7729964836651569 0
1756670307367 0.7729964836651569 0
1756670324539 0.7729964836651569 0
1756671169198 0.7729964836651569 0
1756671218443 0.7729964836651569 0
1756671242685 0.7729964836651569 0
1756671335820 0.7729964836651569 0
