1756645993971 -3.7355248132683014 0
1756646064357 -0.19419379318781216 0
1756646090215 -0.19419379318781216 0
1756646113241 -0.01723928718752754 0
1756646674054 0.8796098383723285 0
1756646701368 0.8796098383723285 0
1756646716984 0.8796098383723285 0
1756646745652 0.8796098383723285 0
1756647085330 0.8796098383723285 0
1756647110546 0.8796098383723285 0
1756647117628 0.8796098383723285 0
1756647144081 0.8796098383723285 0
1756647586428 0.9984893238129321 0
1756647696023 0.9984893238129321 0
1756647712387 0.9984893238129321 0
1756647839474 0.9984893238129321 0
1756649042420 0.9984893238129321 0
1756649086703 0.9984893238129321 0
1756649164273 0.9984893238129321 0
1756649211980 0.9984893238129321 0
1756650700206 0.9984893238129321 0
1756651059476 0.9984893238129321 0
1756651092081 0.9984893238129321 0
1756651533079 0.9984893238129321 0
