1756800274771 2.591280128262279 0
1756800343204 2.591280128262279 0
1756800368417 2.591280128262279 0
1756800393711 0.8896149882314607 0
1756800835338 0.8896149882314607 0
1756800863874 0.8896149882314607 0
1756800880440 0.8896149882314607 0
1756800911203 0.8896149882314607 0
1756801252202 0.8896149882314607 0
1756801284234 0.8896149882314607 0
1756801291737 0.8896149882314607 0
1756801324711 0.8896149882314607 0
1756802362044 0.8896149882314607 0
1756802485646 0.8896149882314607 0
1756802503192 0.8896149882314607 0
1756802641646 0.8896149882314607 0
1756803952314 0.8896149882314607 0
1756804008518 0.8896149882314607 0
1756804042358 0.8896149882314607 0
1756804101648 0.8709779981947263 0
1756807162600 0.8709779981947263 0
1756807534998 0.8709779981947263 0
1756807571037 0.8407552547077755 0
1756807941381 0.8407552547077755 0
1756809020435 0.8407552547077755 0
1756809038019 0.8407552547077755 0
1756809052277 0.8407552547077755 0
1756809072786 0.8407552547077755 0
1756809827196 0.8407552547077755 0
1756809866898 0.8407552547077755 0
1756809889954 0.8407552547077755 0
1756809959874 0.8407552547077755 0
