1756800274771 1.5403355750564514 0
1756800343204 1.5403355750564514 0
1756800368417 1.5403355750564514 0
1756800393711 3.0322563932069113 0
1756800835338 3.0322563932069113 0
1756800863874 3.0322563932069113 0
1756800880440 3.0322563932069113 0
1756800911203 3.0322563932069113 0
1756801252202 3.0322563932069113 0
1756801284234 3.0322563932069113 0
1756801291737 3.0322563932069113 0
1756801324711 3.0322563932069113 0
1756802362044 3.0322563932069113 0
1756802485646 3.0322563932069113 0
1756802503192 3.0322563932069113 0
1756802641646 3.0322563932069113 0
1756803952314 3.0322563932069113 0
1756804008518 3.0322563932069113 0
1756804042358 3.0322563932069113 0
