1756800274771 0.7148403283199335 0
1756800343204 0.7148403283199335 0
1756800368417 0.7148403283199335 0
1756800393711 0.7141096266973762 0
1756800835338 0.7141096266973762 0
1756800863874 0.7141096266973762 0
1756800880440 0.7141096266973762 0
1756800911203 0.7141096266973762 0
1756801252202 0.7141096266973762 0
1756801284234 0.7141096266973762 0
1756801291737 0.7141096266973762 0
1756801324711 0.7141096266973762 0
1756802362044 0.7141096266973762 0
1756802485646 0.7141096266973762 0
1756802503192 0.7141096266973762 0
1756802641646 0.7141096266973762 0
1756803952314 0.7141096266973762 0
1756804008518 0.7141096266973762 0
1756804042358 0.7141096266973762 0
