1757543947370 11.764298103655758 0
1757544004286 11.764298103655758 0
1757544039672 11.138998129811798 0
1757544216265 11.138998129811798 0
1757545965385 10.643736288978339 0
1757546293954 10.643736288978339 0
1757546329979 10.643736288978339 0
1757546638279 10.643736288978339 0
1757549365547 9.892781672756001 0
1757549381658 9.892781672756001 0
1757549395209 9.892781672756001 0
1757549411160 9.892781672756001 0
1757549944136 10.11677700135766 0
1757550095350 10.11677700135766 0
1757550123667 10.11677700135766 0
1757550292648 10.11677700135766 0
