1757543947370 14.629950477965792 0
1757544004286 14.629950477965792 0
1757544039672 12.770541338478477 0
1757544216265 12.770541338478477 0
1757545965385 12.702437202684711 0
1757546293954 12.702437202684711 0
1757546329979 12.702437202684711 0
1757546638279 12.702437202684711 0
1757549365547 12.571269937801427 0
1757549381658 12.571269937801427 0
1757549395209 12.571269937801427 0
1757549411160 12.571269937801427 0
1757549944136 12.401239664843546 0
1757550095350 12.401239664843546 0
1757550123667 12.401239664843546 0
1757550292648 12.401239664843546 0
