1756890200094 0.1490434357306732 0
1756890239336 0.1490434357306732 0
1756890273146 0.1490434357306732 0
1756890320151 0.1490434357306732 0
1756894372891 0.1490434357306732 0
1756894801821 0.1321489105687165 0
1756894830959 0.1321489105687165 0
1756895302124 0.1321489105687165 0
1756895540733 0.1310526315789473 0
1756895554542 0.1310526315789473 0
1756895566842 0.1310526315789473 0
1756895581937 0.1310526315789473 0
1756896317711 0.1310526315789473 0
1756896369229 0.13158094519063046 0
1756896390108 0.13158094519063046 0
1756896474150 0.13158094519063046 0
