1756201669652 282.26300346252316 0
1756201776116 299.2362988008537 0
1756201875615 299.2362988008537 0
1756202022272 299.2362988008537 0
1756203818490 299.2362988008537 0
1756203843880 299.2362988008537 0
1756203858593 299.2362988008537 0
1756203884521 299.2362988008537 0
1756204243295 299.2362988008537 0
1756204268707 299.2362988008537 0
1756204275492 299.2362988008537 0
1756204302587 299.2362988008537 0
1756204598102 299.2362988008537 0
1756204704523 299.2362988008537 0
1756204720209 299.2362988008537 0
1756204848424 299.2362988008537 0
