1756222074646 -53.66982707991712 0
1756222144848 -8.79712237150597 0
1756222172521 -8.79712237150597 0
1756222210988 -0.15658075817447492 0
1756222748848 -0.15658075817447492 0
1756222782206 -0.15658075817447492 0
1756222799631 -0.15658075817447492 0
1756222830490 -0.15658075817447492 0
1756223165994 -0.15658075817447492 0
1756223199666 -0.15658075817447492 0
1756223207372 -0.15658075817447492 0
1756223242288 -0.15658075817447492 0
1756223966295 -0.15658075817447492 0
1756224088382 -0.15658075817447492 0
1756224105746 -0.15658075817447492 0
1756224253979 -0.15658075817447492 0
1756225372640 -0.15658075817447492 0
1756225433572 -0.15658075817447492 0
1756225467826 -0.15658075817447492 0
1756225536312 -0.09772835989318551 0
1756228273088 -0.09772835989318551 0
1756229194726 -0.09772835989318551 0
1756229226194 -0.09772835989318551 0
1756230053162 -0.09772835989318551 0
1756232108831 -0.09772835989318551 0
1756232127203 -0.09772835989318551 0
1756232142567 -0.09772835989318551 0
1756232161321 -0.09772835989318551 0
1756233049140 -0.09772835989318551 0
1756233242613 -0.09772835989318551 0
1756233264214 -0.09772835989318551 0
1756233376085 -0.09772835989318551 0
