1756222074646 109.44100779510856 0
1756222144848 46.32927455174974 0
1756222172521 46.32927455174974 0
1756222210988 15.918209453150357 0
1756222748848 15.918209453150357 0
1756222782206 15.918209453150357 0
1756222799631 15.918209453150357 0
1756222830490 15.918209453150357 0
1756223165994 15.918209453150357 0
1756223199666 15.918209453150357 0
1756223207372 15.918209453150357 0
1756223242288 15.918209453150357 0
1756223966295 15.918209453150357 0
1756224088382 15.918209453150357 0
1756224105746 15.918209453150357 0
1756224253979 15.918209453150357 0
1756225372640 15.918209453150357 0
1756225433572 15.918209453150357 0
1756225467826 15.918209453150357 0
1756225536312 15.507924418462505 0
1756228273088 15.507924418462505 0
1756229194726 15.507924418462505 0
1756229226194 15.507924418462505 0
1756230053162 15.507924418462505 0
1756232108831 15.507924418462505 0
1756232127203 15.507924418462505 0
1756232142567 15.507924418462505 0
1756232161321 15.507924418462505 0
1756233049140 15.507924418462505 0
1756233242613 15.507924418462505 0
1756233264214 15.507924418462505 0
1756233376085 15.507924418462505 0
