1756291415178 7.5698585798553735 0
1756291505560 6.468008264690982 0
1756291531285 6.468008264690982 0
1756291554924 6.468008264690982 0
1756292009498 6.468008264690982 0
1756292037890 6.030768982846422 0
1756292053946 6.030768982846422 0
1756292082735 6.030768982846422 0
1756292429774 6.030768982846422 0
1756292458776 6.030768982846422 0
1756292466819 6.030768982846422 0
1756292497690 6.030768982846422 0
1756293490911 6.030768982846422 0
1756293629389 6.030768982846422 0
1756293650340 6.030768982846422 0
1756293815976 6.030768982846422 0
1756294748032 6.030768982846422 0
1756294790572 6.427674847626979 0
1756294856028 6.427674847626979 0
1756294950658 6.427674847626979 0
1756297872884 6.427674847626979 0
1756298166825 6.427674847626979 0
1756298197588 6.427674847626979 0
1756298564660 6.427674847626979 0
1756299728115 6.427674847626979 0
1756299748505 6.427674847626979 0
1756299769982 6.427674847626979 0
1756299792644 6.427674847626979 0
1756300883962 6.427674847626979 0
1756300970393 6.427674847626979 0
1756301009354 6.427674847626979 0
1756301224404 6.427674847626979 0
