1756291415178 -0.194547978734257 0
1756291505560 0.15174761720087626 0
1756291531285 0.15174761720087626 0
1756291554924 0.15174761720087626 0
1756292009498 0.15174761720087626 0
1756292037890 0.1991388817326809 0
1756292053946 0.1991388817326809 0
1756292082735 0.1991388817326809 0
1756292429774 0.1991388817326809 0
1756292458776 0.1991388817326809 0
1756292466819 0.1991388817326809 0
1756292497690 0.1991388817326809 0
1756293490911 0.1991388817326809 0
1756293629389 0.1991388817326809 0
1756293650340 0.1991388817326809 0
1756293815976 0.1991388817326809 0
1756294748032 0.1991388817326809 0
1756294790572 0.1999374123380392 0
1756294856028 0.1999374123380392 0
1756294950658 0.1999374123380392 0
1756297872884 0.1999374123380392 0
1756298166825 0.1999374123380392 0
1756298197588 0.1999374123380392 0
1756298564660 0.1999374123380392 0
1756299728115 0.1999374123380392 0
1756299748505 0.1999374123380392 0
1756299769982 0.1999374123380392 0
1756299792644 0.1999374123380392 0
1756300883962 0.1999374123380392 0
1756300970393 0.1999374123380392 0
1756301009354 0.1999374123380392 0
1756301224404 0.1999374123380392 0
