1756636461139 7.12079126027084 0
1756636626207 7.12079126027084 0
1756636668420 7.12079126027084 0
1756636785970 6.290484844042838 0
1756637821461 6.16748031749251 0
1756638224339 6.16748031749251 0
1756638259994 6.182342190686366 0
1756638667262 6.182342190686366 0
1756643237576 6.182342190686366 0
1756643253334 6.182342190686366 0
1756643268465 6.182342190686366 0
1756643288361 6.182342190686366 0
1756643589848 6.182342190686366 0
1756643695904 6.182342190686366 0
1756643733455 6.182342190686366 0
1756643821332 6.182342190686366 0
