1755560661484 16.32854672560357 0
1755561922187 14.666805271930214 0
1755562004706 14.947701332532793 0
1755563483646 13.49412808528504 0
1755571449015 13.49412808528504 0
1755572389373 13.49412808528504 0
1755572459149 13.49412808528504 0
1755573231739 13.49412808528504 0
1755580774888 13.49412808528504 0
1755580797716 13.49412808528504 0
1755580817811 13.49412808528504 0
1755580841989 13.49412808528504 0
1755581259173 13.49412808528504 0
1755581487025 13.49412808528504 0
1755581522787 13.49412808528504 0
1755581910250 13.49412808528504 0
