1755560661484 9.07211794661196 0
1755561922187 7.962280615799748 0
1755562004706 7.759793203225589 0
1755563483646 7.270653233962837 0
1755571449015 7.270653233962837 0
1755572389373 7.270653233962837 0
1755572459149 7.270653233962837 0
1755573231739 7.270653233962837 0
1755580774888 7.270653233962837 0
1755580797716 7.270653233962837 0
1755580817811 7.270653233962837 0
1755580841989 7.270653233962837 0
1755581259173 7.270653233962837 0
1755581487025 7.270653233962837 0
1755581522787 7.270653233962837 0
1755581910250 7.270653233962837 0
