1757543699713 -166.46466845503423 0
1757543815467 -166.46466845503423 0
1757543844322 -166.46466845503423 0
1757543921343 -141.79066045942133 0
1757545078704 -110.05293207915224 0
1757545448936 -132.3731018443138 0
1757545484070 -132.3731018443138 0
1757545928570 -132.3731018443138 0
1757549302890 -132.3731018443138 0
1757549321469 -132.3731018443138 0
1757549335689 -132.3731018443138 0
1757549352498 -132.3731018443138 0
1757549620396 -132.3731018443138 0
1757549749657 -132.3731018443138 0
1757549791516 -132.3731018443138 0
1757549915274 -132.3731018443138 0
