1756319456441 -203.0197928219618 0
1756319517313 -203.0197928219618 0
1756319544630 -203.0197928219618 0
1756319574177 -178.47768947256057 0
1756319949534 -164.1767561729789 0
1756319978805 -190.44322847923385 0
1756319994866 -190.44322847923385 0
1756320024847 -190.44322847923385 0
1756320341133 -190.44322847923385 0
1756320373252 -190.44322847923385 0
1756320380925 -190.44322847923385 0
1756320415547 -190.44322847923385 0
1756329018139 -190.44322847923385 0
1756329130680 -192.0049193660579 0
1756329153481 -192.0049193660579 0
1756329299132 -192.0049193660579 0
1756330555686 -192.0049193660579 0
