1756319456441 -156.73676243349772 0
1756319517313 -156.73676243349772 0
1756319544630 -156.73676243349772 0
1756319574177 -183.50287209717087 0
1756319949534 -36.4560462606113 0
1756319978805 -101.77513122955973 0
1756319994866 -101.77513122955973 0
1756320024847 -101.77513122955973 0
1756320341133 -101.77513122955973 0
1756320373252 -101.77513122955973 0
1756320380925 -101.77513122955973 0
1756320415547 -101.77513122955973 0
1756329018139 -101.77513122955973 0
1756329130680 -114.46628631457772 0
1756329153481 -114.46628631457772 0
1756329299132 -114.46628631457772 0
1756330555686 -114.46628631457772 0
