1756911721935 36.68751489398974 0
1756911777746 36.68751489398974 0
1756911799410 36.68751489398974 0
1756911821761 34.313467467603104 0
1756912294286 34.313467467603104 0
1756912322536 34.313467467603104 0
1756912339216 34.313467467603104 0
1756912369280 34.313467467603104 0
1756912727174 34.313467467603104 0
1756912753306 34.313467467603104 0
1756912761931 34.313467467603104 0
1756912791674 34.313467467603104 0
1756913317928 34.313467467603104 0
1756913444799 34.313467467603104 0
1756913462307 34.313467467603104 0
1756913602566 34.313467467603104 0
