1756911721935 1.1730620163167618 0
1756911777746 1.1730620163167618 0
1756911799410 1.1730620163167618 0
1756911821761 1.1861805329963115 0
1756912294286 1.1861805329963115 0
1756912322536 1.1861805329963115 0
1756912339216 1.1861805329963115 0
1756912369280 1.1861805329963115 0
1756912727174 1.1861805329963115 0
1756912753306 1.1861805329963115 0
1756912761931 1.1861805329963115 0
1756912791674 1.1861805329963115 0
1756913317928 1.1861805329963115 0
1756913444799 1.1861805329963115 0
1756913462307 1.1861805329963115 0
1756913602566 1.1861805329963115 0
