1756646446601 -24.378762791844977 0
1756646522328 -39.65635288125303 0
1756646551263 -39.65635288125303 0
1756646575565 -7.020669682263926 0
1756646933827 -7.020669682263926 0
1756646960961 -7.020669682263926 0
1756646977327 -7.020669682263926 0
1756647004228 -7.020669682263926 0
1756647278523 -7.659767857142856 0
1756647303488 -7.659767857142856 0
1756647311014 -7.659767857142856 0
1756647337317 -7.659767857142856 0
1756648403296 -7.659767857142856 0
1756648516256 -7.659767857142856 0
1756648534004 -7.659767857142856 0
1756648670846 -7.659767857142856 0
