1756646446601 8.157484125478513 0
1756646522328 6.41009328811013 0
1756646551263 6.41009328811013 0
1756646575565 5.606496339134977 0
1756646933827 5.606496339134977 0
1756646960961 5.606496339134977 0
1756646977327 5.606496339134977 0
1756647004228 5.606496339134977 0
1756647278523 5.474173127383845 0
1756647303488 5.474173127383845 0
1756647311014 5.474173127383845 0
1756647337317 5.474173127383845 0
1756648403296 5.474173127383845 0
1756648516256 5.474173127383845 0
1756648534004 5.474173127383845 0
1756648670846 5.474173127383845 0
