1756553158874 11.457828010974207 0
1756553224350 11.457828010974207 0
1756553251199 11.457828010974207 0
1756553279630 10.183667328331829 0
1756553658702 9.820090905179574 0
1756553687959 9.73644858693493 0
1756553704558 9.73644858693493 0
1756553733409 9.73644858693493 0
1756554049949 9.73644858693493 0
1756554078709 9.73644858693493 0
1756554085843 9.73644858693493 0
1756554117000 9.73644858693493 0
1756555326925 9.73644858693493 0
1756555440018 9.73644858693493 0
1756555457458 9.73644858693493 0
1756555588417 9.73644858693493 0
