1756553158874 4.93421224529188 0
1756553224350 4.93421224529188 0
1756553251199 4.93421224529188 0
1756553279630 6.880699353615255 0
1756553658702 4.750998000797826 0
1756553687959 4.786155670125767 0
1756553704558 4.786155670125767 0
1756553733409 4.786155670125767 0
1756554049949 4.786155670125767 0
1756554078709 4.786155670125767 0
1756554085843 4.786155670125767 0
1756554117000 4.786155670125767 0
1756555326925 4.786155670125767 0
1756555440018 4.786155670125767 0
1756555457458 4.786155670125767 0
1756555588417 4.786155670125767 0
