1756553158874 3.614509892044633 0
1756553224350 3.614509892044633 0
1756553251199 3.614509892044633 0
1756553279630 4.9984162976298885 0
1756553658702 3.5889893081761053 0
1756553687959 3.83223172901766 0
1756553704558 3.83223172901766 0
1756553733409 3.83223172901766 0
1756554049949 3.83223172901766 0
1756554078709 3.83223172901766 0
1756554085843 3.83223172901766 0
1756554117000 3.83223172901766 0
1756555326925 3.83223172901766 0
1756555440018 3.83223172901766 0
1756555457458 3.83223172901766 0
1756555588417 3.83223172901766 0
