1755538400553 -52.60218726303882 0
1755539418373 -58.670987499647524 0
1755539475412 -58.670987499647524 0
1755539653008 -63.042667958251755 0
1755545234784 -63.042667958251755 0
1755545291026 -63.042667958251755 0
1755545327594 -63.042667958251755 0
1755545388212 -63.042667958251755 0
1755546164219 -63.042667958251755 0
1755546206964 -63.042667958251755 0
1755546218975 -63.042667958251755 0
1755546268508 -63.042667958251755 0
1755546963058 -63.042667958251755 0
1755548163620 -63.042667958251755 0
1755548217090 -63.042667958251755 0
1755549484175 -63.042667958251755 0
