1755538400553 17.355257340165426 0
1755539418373 15.2598197904003 0
1755539475412 15.2598197904003 0
1755539653008 13.347169972010352 0
1755545234784 13.347169972010352 0
1755545291026 13.347169972010352 0
1755545327594 13.347169972010352 0
1755545388212 13.347169972010352 0
1755546164219 13.347169972010352 0
1755546206964 13.347169972010352 0
1755546218975 13.347169972010352 0
1755546268508 13.347169972010352 0
1755546963058 13.347169972010352 0
1755548163620 13.347169972010352 0
1755548217090 13.347169972010352 0
1755549484175 13.347169972010352 0
