1755538400553 -0.08824497961306466 0
1755539418373 0.1628333990200006 0
1755539475412 0.1628333990200006 0
1755539653008 0.33780914929101447 0
1755545234784 0.33780914929101447 0
1755545291026 0.33780914929101447 0
1755545327594 0.33780914929101447 0
1755545388212 0.33780914929101447 0
1755546164219 0.33780914929101447 0
1755546206964 0.33780914929101447 0
1755546218975 0.33780914929101447 0
1755546268508 0.33780914929101447 0
1755546963058 0.33780914929101447 0
1755548163620 0.33780914929101447 0
1755548217090 0.33780914929101447 0
1755549484175 0.33780914929101447 0
