1755538400553 9.26761726479109 0
1755539418373 8.12850543844137 0
1755539475412 8.12850543844137 0
1755539653008 7.229301570950564 0
1755545234784 7.229301570950564 0
1755545291026 7.229301570950564 0
1755545327594 7.229301570950564 0
1755545388212 7.229301570950564 0
1755546164219 7.229301570950564 0
1755546206964 7.229301570950564 0
1755546218975 7.229301570950564 0
1755546268508 7.229301570950564 0
1755546963058 7.229301570950564 0
1755548163620 7.229301570950564 0
1755548217090 7.229301570950564 0
1755549484175 7.229301570950564 0
