1756992421598 1.7167666064353964 0
1756992502139 1.4734479133808167 0
1756992541080 1.3899767204791704 0
1756992600803 1.3899767204791704 0
1756994114961 1.342334612895677 0
1756994538446 1.342334612895677 0
1756994575789 1.342334612895677 0
1756995150476 1.342334612895677 0
1756999332192 1.342334612895677 0
1756999352037 1.342334612895677 0
1756999370679 1.342334612895677 0
1756999392040 1.342334612895677 0
1756999727207 1.3264750420288363 0
1756999798880 1.3264750420288363 0
1756999829038 1.3264750420288363 0
1757000006517 1.3264750420288363 0
