1756366178836 0.14179915139870983 0
1756366209145 0.12086854445364145 0
1756366237737 0.12086854445364145 0
1756366260749 0.11311355213715345 0
1756366632147 0.11311355213715345 0
1756366660856 0.05682682119205306 0
1756366676806 0.05682682119205306 0
1756366704986 0.05682682119205306 0
1756366999454 0.05682682119205306 0
1756367024279 0.05682682119205306 0
1756367031536 0.05682682119205306 0
1756367058262 0.05682682119205306 0
1756368082182 0.05682682119205306 0
1756368185748 0.05682682119205306 0
1756368202112 0.05682682119205306 0
1756368322624 0.05682682119205306 0
