1756366178836 0.036056746978861146 0
1756366209145 0.02222155976864884 0
1756366237737 0.02222155976864884 0
1756366260749 0.02210267288161151 0
1756366632147 0.02210267288161151 0
1756366660856 0.005813364147350995 0
1756366676806 0.005813364147350995 0
1756366704986 0.005813364147350995 0
1756366999454 0.005813364147350995 0
1756367024279 0.005813364147350995 0
1756367031536 0.005813364147350995 0
1756367058262 0.005813364147350995 0
1756368082182 0.005813364147350995 0
1756368185748 0.005813364147350995 0
1756368202112 0.005813364147350995 0
1756368322624 0.005813364147350995 0
