1756738447405 4.360934421186048 0
1756738533593 4.360934421186048 0
1756738560819 4.360934421186048 0
1756738595614 4.399205240311247 0
1756739107166 4.399205240311247 0
1756739138752 4.400706413784591 0
1756739156682 4.400706413784591 0
1756739187473 4.400706413784591 0
1756739536694 4.400706413784591 0
1756739571104 4.400706413784591 0
1756739579363 4.400706413784591 0
1756739614498 4.400706413784591 0
1756740336312 4.400706413784591 0
1756740461250 4.2804980172407765 0
1756740479308 4.2804980172407765 0
1756740617517 4.2804980172407765 0
1756741802713 4.2804980172407765 0
1756741896815 4.2804980172407765 0
1756741953199 4.2804980172407765 0
1756742025577 4.2804980172407765 0
1756744390760 4.2804980172407765 0
1756759949627 4.240110506902271 0
1756762496534 4.240110506902271 0
1756763042804 4.240110506902271 0
1756764849424 4.240110506902271 0
1756764863686 4.240110506902271 0
1756764877004 4.240110506902271 0
1756764893879 4.240110506902271 0
1756765497315 4.240110506902271 0
1756765546633 4.240110506902271 0
1756765572449 4.240110506902271 0
1756765668442 4.240110506902271 0
