1756738447405 1.1808717668862396 0
1756738533593 1.1808717668862396 0
1756738560819 1.1808717668862396 0
1756738595614 1.1282845755175426 0
1756739107166 1.1282845755175426 0
1756739138752 0.8590709026946096 0
1756739156682 0.8590709026946096 0
1756739187473 0.8590709026946096 0
1756739536694 0.8590709026946096 0
1756739571104 0.8590709026946096 0
1756739579363 0.8590709026946096 0
1756739614498 0.8590709026946096 0
1756740336312 0.8590709026946096 0
1756740461250 1.011975912987258 0
1756740479308 1.011975912987258 0
1756740617517 1.011975912987258 0
1756741802713 1.011975912987258 0
1756741896815 1.011975912987258 0
1756741953199 1.011975912987258 0
1756742025577 1.011975912987258 0
1756744390760 1.011975912987258 0
