1756235497639 -37.70981713502068 0
1756235570215 -37.70981713502068 0
1756235594749 -37.70981713502068 0
1756235616598 -37.70981713502068 0
1756236212509 -29.54883535726382 0
1756236240835 -31.059880777684963 0
1756236257107 -31.059880777684963 0
1756236288970 -31.064987398640845 0
1756237569835 -31.064987398640845 0
1756237594489 -31.064987398640845 0
1756237600931 -31.064987398640845 0
1756238253623 -31.064987398640845 0
1756238785893 -31.064987398640845 0
1756238932731 -32.95401377521883 0
1756238952421 -32.95401377521883 0
1756239101754 -32.95401377521883 0
1756240447737 -32.95401377521883 0
1756240504977 -30.73179486801346 0
1756240548215 -30.73179486801346 0
1756240674555 -30.73179486801346 0
1756242327657 -30.73179486801346 0
1756242690232 -31.319343029434606 0
1756242723888 -31.319343029434606 0
1756243134152 -31.319343029434606 0
1756245512791 -31.319343029434606 0
1756245530051 -31.319343029434606 0
1756245543500 -31.319343029434606 0
1756245560871 -31.319343029434606 0
1756246253825 -31.319343029434606 0
1756246340598 -31.319343029434606 0
1756246380111 -31.319343029434606 0
1756246520495 -31.319343029434606 0
