1756235497639 4.7996588809696945 0
1756235570215 4.7996588809696945 0
1756235594749 4.7996588809696945 0
1756235616598 4.7996588809696945 0
1756236212509 3.8347380952380954 0
1756236240835 3.8040178571428513 0
1756236257107 3.8040178571428513 0
1756236288970 3.8040178571428513 0
1756237569835 3.8040178571428513 0
1756237594489 3.8040178571428513 0
1756237600931 3.8040178571428513 0
1756238253623 3.8040178571428513 0
1756238785893 3.8040178571428513 0
1756238932731 3.809768113635835 0
1756238952421 3.809768113635835 0
1756239101754 3.809768113635835 0
1756240447737 3.809768113635835 0
1756240504977 3.912507089437015 0
1756240548215 3.912507089437015 0
1756240674555 3.912507089437015 0
1756242327657 3.912507089437015 0
1756242690232 3.5014641488659457 0
1756242723888 3.5014641488659457 0
1756243134152 3.5014641488659457 0
1756245512791 3.5014641488659457 0
1756245530051 3.5014641488659457 0
1756245543500 3.5014641488659457 0
1756245560871 3.5014641488659457 0
1756246253825 3.5014641488659457 0
1756246340598 3.5014641488659457 0
1756246380111 3.5014641488659457 0
1756246520495 3.5014641488659457 0
