1756235497639 6.061557650143075 0
1756235570215 6.061557650143075 0
1756235594749 6.061557650143075 0
1756235616598 6.061557650143075 0
1756236212509 5.235992525413922 0
1756236240835 5.111405853782622 0
1756236257107 5.111405853782622 0
1756236288970 5.111405853782622 0
1756237569835 5.111405853782622 0
1756237594489 5.111405853782622 0
1756237600931 5.111405853782622 0
1756238253623 5.111405853782622 0
1756238785893 5.111405853782622 0
1756238932731 5.0415631428335 0
1756238952421 5.0415631428335 0
1756239101754 5.0415631428335 0
1756240447737 5.0415631428335 0
1756240504977 4.958247965425322 0
1756240548215 4.958247965425322 0
1756240674555 4.958247965425322 0
1756242327657 4.958247965425322 0
1756242690232 4.837078534043271 0
1756242723888 4.837078534043271 0
1756243134152 4.837078534043271 0
1756245512791 4.837078534043271 0
1756245530051 4.837078534043271 0
1756245543500 4.837078534043271 0
1756245560871 4.837078534043271 0
1756246253825 4.837078534043271 0
1756246340598 4.837078534043271 0
1756246380111 4.837078534043271 0
1756246520495 4.837078534043271 0
