1756365962394 0.276340871914096 0
1756365981608 0.17496962374888161 0
1756366005674 0.17496962374888161 0
1756366026624 0.14197554130140663 0
1756366452732 0.14197554130140663 0
1756366482042 0.14197554130140663 0
1756366497247 0.14197554130140663 0
1756366526884 0.14197554130140663 0
1756366855602 0.14197554130140663 0
1756366885616 0.14197554130140663 0
1756366892644 0.14197554130140663 0
1756366924587 0.14197554130140663 0
1756367567252 0.14197554130140663 0
1756367672158 0.14131837524118876 0
1756367688213 0.14131837524118876 0
1756367809703 0.14131837524118876 0
1756368680179 0.14131837524118876 0
1756368724584 0.14131837524118876 0
1756368767804 0.14131837524118876 0
1756368800953 0.13796239510217756 0
1756371315886 0.13796239510217756 0
1756371953732 0.13796239510217756 0
1756371990300 0.13796239510217756 0
1756372574139 0.13796239510217756 0
1756374814523 0.13796239510217756 0
1756374831757 0.13796239510217756 0
1756374844112 0.13796239510217756 0
1756374860209 0.13796239510217756 0
1756375364081 0.13796239510217756 0
1756375410332 0.13796239510217756 0
1756375434462 0.13796239510217756 0
1756375521585 0.13796239510217756 0
