1756365962394 0.21232530394279703 0
1756365981608 0.16336960721358318 0
1756366005674 0.16336960721358318 0
1756366026624 0.12401379368289704 0
1756366452732 0.12401379368289704 0
1756366482042 0.12401379368289704 0
1756366497247 0.12401379368289704 0
1756366526884 0.12401379368289704 0
1756366855602 0.12401379368289704 0
1756366885616 0.12401379368289704 0
1756366892644 0.12401379368289704 0
1756366924587 0.12401379368289704 0
1756367567252 0.12401379368289704 0
1756367672158 0.11294794264310849 0
1756367688213 0.11294794264310849 0
1756367809703 0.11294794264310849 0
1756368680179 0.11294794264310849 0
1756368724584 0.11294794264310849 0
1756368767804 0.11294794264310849 0
