1756365962394 0.2808447781723386 0
1756365981608 0.20878324769625178 0
1756366005674 0.20878324769625178 0
1756366026624 0.16873384203550304 0
1756366452732 0.16873384203550304 0
1756366482042 0.16873384203550304 0
1756366497247 0.16873384203550304 0
1756366526884 0.16873384203550304 0
1756366855602 0.16873384203550304 0
1756366885616 0.16873384203550304 0
1756366892644 0.16873384203550304 0
1756366924587 0.16873384203550304 0
1756367567252 0.16873384203550304 0
1756367672158 0.1487258873222173 0
1756367688213 0.1487258873222173 0
1756367809703 0.1487258873222173 0
1756368680179 0.1487258873222173 0
1756368724584 0.1487258873222173 0
1756368767804 0.1487258873222173 0
