1757541051575 -351.0849004042623 0
1757541119741 -351.0849004042623 0
1757541153174 -351.08994755265354 0
1757541204635 -158.44330423626903 0
1757541690353 -122.05844712096776 0
1757541716828 -122.05844712096776 0
1757541732844 -122.05844712096776 0
1757541760099 -122.05844712096776 0
1757542068724 -122.05844712096776 0
1757542094441 -122.05844712096776 0
1757542102064 -122.05844712096776 0
1757542128305 -122.05844712096776 0
1757543076603 -122.05844712096776 0
1757543192158 -122.05844712096776 0
1757543209289 -122.05844712096776 0
1757543342323 -122.05844712096776 0
