1757541051575 16.56480897182474 0
1757541119741 16.56480897182474 0
1757541153174 16.564808971824096 0
1757541204635 10.528861574336323 0
1757541690353 9.780772674107302 0
1757541716828 9.780772674107302 0
1757541732844 9.780772674107302 0
1757541760099 9.780772674107302 0
1757542068724 9.780772674107302 0
1757542094441 9.780772674107302 0
1757542102064 9.780772674107302 0
1757542128305 9.780772674107302 0
1757543076603 9.780772674107302 0
1757543192158 9.780772674107302 0
1757543209289 9.780772674107302 0
1757543342323 9.780772674107302 0
