1757541051575 -0.630465190500854 0
1757541119741 -0.630465190500854 0
1757541153174 -0.6304651905021155 0
1757541204635 -0.0011881282842336471 0
1757541690353 0.8180476629721931 0
1757541716828 0.8180476629721931 0
1757541732844 0.8180476629721931 0
1757541760099 0.8180476629721931 0
1757542068724 0.8180476629721931 0
1757542094441 0.8180476629721931 0
1757542102064 0.8180476629721931 0
1757542128305 0.8180476629721931 0
1757543076603 0.8180476629721931 0
1757543192158 0.8180476629721931 0
1757543209289 0.8180476629721931 0
1757543342323 0.8180476629721931 0
