1757058994504 -0.7484207775062222 0
1757059089855 -0.6698941068012354 0
1757059185024 -0.6698941068012354 0
1757059334724 -0.0005904224248582945 0
1757060412160 -0.0005904224248582945 0
1757060442453 0.07856123031961115 0
1757060459238 0.07856123031961115 0
1757060489955 0.07856123031961115 0
1757060817434 0.07856123031961115 0
1757060849478 0.07856123031961115 0
1757060857588 0.07856123031961115 0
1757060890936 0.07856123031961115 0
1757061636983 0.07856123031961115 0
1757061778762 0.07856123031961115 0
1757061797813 0.07856123031961115 0
1757061971729 0.07856123031961115 0
