1756915157688 -3.7813383240446505 0
1756915189997 -3.7813383240446505 0
1756915221648 -3.7813383240446505 0
1756915260378 -3.7813383240446505 0
1756918758684 -4.191621589771693 0
1756919149991 -4.191621589771693 0
1756919185849 -4.191621589771693 0
1756919614662 -4.191621589771693 0
1756919865870 -4.191621589771693 0
1756919879535 -4.191621589771693 0
1756919893103 -4.191621589771693 0
1756919907532 -4.191621589771693 0
1756920732209 -4.191621589771693 0
1756920811090 -4.191621589771693 0
1756920839956 -4.191621589771693 0
1756920921085 -4.191621589771693 0
