1757516911043 -0.5551111214844073 0
1757517036063 -0.5551111214844073 0
1757517162708 -0.5551111214844073 0
1757517318167 -0.18121369622478856 0
1757518485037 -0.12409038967664276 0
1757518515328 0.0323945066010215 0
1757518531545 0.0323945066010215 0
1757518560950 0.0323945066010215 0
1757518870674 0.0323945066010215 0
1757518900460 0.0323945066010215 0
1757518907427 0.0323945066010215 0
1757518938779 0.0323945066010215 0
1757519666309 0.0323945066010215 0
1757519809388 0.0323945066010215 0
1757519826688 0.0323945066010215 0
1757519983852 0.0323945066010215 0
1757521186903 0.0323945066010215 0
1757521350098 0.0323945066010215 0
1757521418034 0.0323945066010215 0
1757521520080 0.0323945066010215 0
1757524171241 0.0323945066010215 0
1757524530772 0.038308310011692215 0
1757524564725 0.038308310011692215 0
1757524921434 0.038308310011692215 0
1757526702553 0.07364584620799042 0
1757526721032 0.07364584620799042 0
1757526734594 0.07364584620799042 0
1757526750688 0.07364584620799042 0
1757527442839 0.07364584620799042 0
1757527570880 0.07364584620799042 0
1757527597859 0.07364584620799042 0
1757527720366 0.07364584620799042 0
