1756821145199 10.293728581426274 0
1756821206305 10.293728581426274 0
1756821237136 10.293728581426274 0
1756821271765 6.118597775065427 0
1756821889190 6.118597775065427 0
1756821919610 6.072242020223462 0
1756821935949 6.072242020223462 0
1756821966011 6.072242020223462 0
1756822327704 6.072242020223462 0
1756822358260 6.072242020223462 0
1756822365656 6.072242020223462 0
1756822397738 6.072242020223462 0
1756822884108 6.072242020223462 0
1756823014531 5.992312847829621 0
1756823031840 5.992312847829621 0
1756823179009 5.992312847829621 0
1756824423799 5.992312847829621 0
1756824528120 5.992312847829621 0
1756824571964 5.992312847829621 0
1756824711767 5.992312847829621 0
1756826968586 5.992312847829621 0
1756827341310 5.992312847829621 0
1756827381725 5.992312847829621 0
1756827908527 5.992312847829621 0
1756831150890 5.992312847829621 0
1756831170817 5.992312847829621 0
1756831189043 5.992312847829621 0
1756831211198 5.992312847829621 0
1756831904576 5.992312847829621 0
1756832074490 5.992312847829621 0
1756832104560 5.992312847829621 0
1756832235870 5.992312847829621 0
