1756821307181 -20.52498019930008 0
1756821373163 -20.52498019930008 0
1756821410471 -20.524980199299904 0
1756821446629 -21.3446053301853 0
1756821982589 -21.3446053301853 0
1756822012054 -20.309423324349844 0
1756822028491 -20.309423324349844 0
1756822058419 -20.309423324349844 0
1756822405415 -20.309423324349844 0
1756822434443 -20.309423324349844 0
1756822442053 -20.309423324349844 0
1756822472434 -20.309423324349844 0
1756823196084 -20.309423324349844 0
1756823321913 -20.309423324349844 0
1756823340973 -20.309423324349844 0
1756823483074 -20.309423324349844 0
1756824797465 -20.309423324349844 0
1756824856020 -20.309423324349844 0
1756824912525 -20.309423324349844 0
1756825008562 -20.309423324349844 0
1756827948654 -20.309423324349844 0
1756828615551 -20.309423324349844 0
1756828658188 -20.309423324349844 0
1756829243266 -20.309423324349844 0
1756831234400 -20.309423324349844 0
1756831253298 -20.309423324349844 0
1756831270989 -20.309423324349844 0
1756831290576 -20.309423324349844 0
1756832271861 -20.309423324349844 0
1756832385123 -20.309423324349844 0
1756832414316 -20.309423324349844 0
1756832552623 -20.309423324349844 0
