1756821307181 2.7283038200511998 0
1756821373163 2.7283038200511998 0
1756821410471 2.7283038200512024 0
1756821446629 3.1347165365075536 0
1756821982589 3.1347165365075536 0
1756822012054 2.2905115673652716 0
1756822028491 2.2905115673652716 0
1756822058419 2.2905115673652716 0
1756822405415 2.2905115673652716 0
1756822434443 2.2905115673652716 0
1756822442053 2.2905115673652716 0
1756822472434 2.2905115673652716 0
1756823196084 2.2905115673652716 0
1756823321913 2.2905115673652716 0
1756823340973 2.2905115673652716 0
1756823483074 2.2905115673652716 0
1756824797465 2.2905115673652716 0
1756824856020 2.2905115673652716 0
1756824912525 2.2905115673652716 0
1756825008562 2.2905115673652716 0
1756827948654 2.2905115673652716 0
1756828615551 2.2905115673652716 0
1756828658188 2.2905115673652716 0
1756829243266 2.2905115673652716 0
1756831234400 2.2905115673652716 0
1756831253298 2.2905115673652716 0
1756831270989 2.2905115673652716 0
1756831290576 2.2905115673652716 0
1756832271861 2.2905115673652716 0
1756832385123 2.2905115673652716 0
1756832414316 2.2905115673652716 0
1756832552623 2.2905115673652716 0
