1756821307181 -12.586019801976752 0
1756821373163 -12.586019801976752 0
1756821410471 -12.586019801976782 0
1756821446629 -19.677365019404686 0
1756821982589 -19.677365019404686 0
1756822012054 -10.977151428867591 0
1756822028491 -10.977151428867591 0
1756822058419 -10.977151428867591 0
1756822405415 -10.977151428867591 0
1756822434443 -10.977151428867591 0
1756822442053 -10.977151428867591 0
1756822472434 -10.977151428867591 0
1756823196084 -10.977151428867591 0
1756823321913 -10.977151428867591 0
1756823340973 -10.977151428867591 0
1756823483074 -10.977151428867591 0
1756824797465 -10.977151428867591 0
1756824856020 -10.977151428867591 0
1756824912525 -10.977151428867591 0
1756825008562 -10.977151428867591 0
1756827948654 -10.977151428867591 0
1756828615551 -10.977151428867591 0
1756828658188 -10.977151428867591 0
1756829243266 -10.977151428867591 0
1756831234400 -10.977151428867591 0
1756831253298 -10.977151428867591 0
1756831270989 -10.977151428867591 0
1756831290576 -10.977151428867591 0
1756832271861 -10.977151428867591 0
1756832385123 -10.977151428867591 0
1756832414316 -10.977151428867591 0
1756832552623 -10.977151428867591 0
