1756240732800 6.375197194802332 0
1756240816608 6.375197194802332 0
1756240848085 6.375197194802332 0
1756240939555 6.375197194802332 0
1756243167817 6.201112545212055 0
1756243590032 6.201112545212055 0
1756243629169 6.201112545212055 0
1756244087811 6.201112545212055 0
1756245574883 6.201112545212055 0
1756245592358 6.024297430727387 0
1756245609474 6.024297430727387 0
1756245630465 6.024297430727387 0
1756246553319 6.024297430727387 0
1756246652674 6.024297430727387 0
1756246682305 6.024297430727387 0
1756246795795 6.024297430727387 0
