1756645838928 -22.39426456464243 0
1756645913441 -22.39426456464243 0
1756645943936 -22.39426456464243 0
1756645967923 -13.253012861600604 0
1756646590763 -13.253012861600604 0
1756646616230 -13.253012861600604 0
1756646631704 -13.253012861600604 0
1756646658181 -13.253012861600604 0
1756647011178 -13.253012861600604 0
1756647040952 -13.253012861600604 0
1756647048219 -13.253012861600604 0
1756647078037 -13.253012861600604 0
1756647353158 -13.253012861600604 0
1756647444972 -13.253012861600604 0
1756647460666 -13.253012861600604 0
1756647569854 -13.253012861600604 0
