1756645838928 2.3510835167446045 0
1756645913441 2.3510835167446045 0
1756645943936 2.3510835167446045 0
1756645967923 2.120593067305502 0
1756646590763 2.120593067305502 0
1756646616230 2.120593067305502 0
1756646631704 2.120593067305502 0
1756646658181 2.120593067305502 0
1756647011178 2.120593067305502 0
1756647040952 2.120593067305502 0
1756647048219 2.120593067305502 0
1756647078037 2.120593067305502 0
1756647353158 2.120593067305502 0
1756647444972 2.120593067305502 0
1756647460666 2.120593067305502 0
1756647569854 2.120593067305502 0
