1756645838928 4.943533655198573 0
1756645913441 4.943533655198573 0
1756645943936 4.943533655198573 0
1756645967923 4.532025569866712 0
1756646590763 4.532025569866712 0
1756646616230 4.532025569866712 0
1756646631704 4.532025569866712 0
1756646658181 4.532025569866712 0
1756647011178 4.532025569866712 0
1756647040952 4.532025569866712 0
1756647048219 4.532025569866712 0
1756647078037 4.532025569866712 0
1756647353158 4.532025569866712 0
1756647444972 4.532025569866712 0
1756647460666 4.532025569866712 0
1756647569854 4.532025569866712 0
