1755903212678 14.184142023343394 0
1755903525272 14.184142023343394 0
1755903638838 14.184142023343394 0
1755903906089 14.184142023343394 0
1755910887419 14.184142023343394 0
1755911381647 13.738760245193337 0
1755911448475 13.738760245193337 0
1755912225989 13.410706653043084 0
1755914550582 13.410706653043084 0
1755914574476 13.410706653043084 0
1755914595659 13.410706653043084 0
1755914619437 13.410706653043084 0
1755917399265 13.410706653043084 0
1755917762134 13.410706653043084 0
1755917801362 13.410706653043084 0
1755918095389 13.410706653043084 0
