1756203418019 -255753.55467302143 0
1756203549908 -317070.3179268026 0
1756203651723 -317070.3179268026 0
1756203803961 -188260.8320701089 0
1756204165676 -188260.8320701089 0
1756204192989 -188260.8320701089 0
1756204208726 -188260.8320701089 0
1756204236746 -188260.8320701089 0
1756204519121 -188260.8320701089 0
1756204546517 -188260.8320701089 0
1756204553810 -188260.8320701089 0
1756204582877 -188260.8320701089 0
1756205813972 -188260.8320701089 0
1756205936405 -188260.8320701089 0
1756205955439 -188260.8320701089 0
1756206099168 -188260.8320701089 0
1756207586003 -188260.8320701089 0
1756207741395 -188260.8320701089 0
1756207792658 -188260.8320701089 0
1756207853436 -188260.8320701089 0
1756211711071 -188260.8320701089 0
1756212211921 -188260.8320701089 0
1756212242521 -188260.8320701089 0
1756212719515 -188260.8320701089 0
1756213020078 -188260.8320701089 0
1756213037437 -187152.58902520032 0
1756213051806 -187152.58902520032 0
1756213069472 -187152.58902520032 0
1756214909367 -187152.58902520032 0
1756215006928 -187152.58902520032 0
1756215043220 -187152.58902520032 0
1756215172577 -187152.58902520032 0
