1756203418019 495.99255197313215 0
1756203549908 369.2541450669911 0
1756203651723 369.2541450669911 0
1756203803961 351.5056105942516 0
1756204165676 351.5056105942516 0
1756204192989 351.5056105942516 0
1756204208726 351.5056105942516 0
1756204236746 351.5056105942516 0
1756204519121 351.5056105942516 0
1756204546517 351.5056105942516 0
1756204553810 351.5056105942516 0
1756204582877 351.5056105942516 0
1756205813972 351.5056105942516 0
1756205936405 351.5056105942516 0
1756205955439 351.5056105942516 0
1756206099168 351.5056105942516 0
1756207586003 351.5056105942516 0
1756207741395 351.5056105942516 0
1756207792658 351.5056105942516 0
1756207853436 351.5056105942516 0
1756211711071 351.5056105942516 0
1756212211921 351.5056105942516 0
1756212242521 351.5056105942516 0
1756212719515 351.5056105942516 0
1756213020078 351.5056105942516 0
1756213037437 346.2480597680642 0
1756213051806 346.2480597680642 0
1756213069472 346.2480597680642 0
1756214909367 346.2480597680642 0
1756215006928 346.2480597680642 0
1756215043220 346.2480597680642 0
1756215172577 346.2480597680642 0
