1756203418019 593.0536701353378 0
1756203549908 470.7940880875202 0
1756203651723 470.7940880875202 0
1756203803961 416.4137824708637 0
1756204165676 416.4137824708637 0
1756204192989 416.4137824708637 0
1756204208726 416.4137824708637 0
1756204236746 416.4137824708637 0
1756204519121 416.4137824708637 0
1756204546517 416.4137824708637 0
1756204553810 416.4137824708637 0
1756204582877 416.4137824708637 0
1756205813972 416.4137824708637 0
1756205936405 416.4137824708637 0
1756205955439 416.4137824708637 0
1756206099168 416.4137824708637 0
1756207586003 416.4137824708637 0
1756207741395 416.4137824708637 0
1756207792658 416.4137824708637 0
1756207853436 416.4137824708637 0
1756211711071 416.4137824708637 0
1756212211921 416.4137824708637 0
1756212242521 416.4137824708637 0
1756212719515 416.4137824708637 0
1756213020078 416.4137824708637 0
1756213037437 408.7893487478259 0
1756213051806 408.7893487478259 0
1756213069472 408.7893487478259 0
1756214909367 408.7893487478259 0
1756215006928 408.7893487478259 0
1756215043220 408.7893487478259 0
1756215172577 408.7893487478259 0
