1756203418019 -74587.67498215806 0
1756203549908 -199518.86061021299 0
1756203651723 -199518.86061021299 0
1756203803961 -184522.7195990157 0
1756204165676 -184522.7195990157 0
1756204192989 -184522.7195990157 0
1756204208726 -184522.7195990157 0
1756204236746 -184522.7195990157 0
1756204519121 -184522.7195990157 0
1756204546517 -184522.7195990157 0
1756204553810 -184522.7195990157 0
1756204582877 -184522.7195990157 0
1756205813972 -184522.7195990157 0
1756205936405 -184522.7195990157 0
1756205955439 -184522.7195990157 0
1756206099168 -184522.7195990157 0
1756207586003 -184522.7195990157 0
1756207741395 -184522.7195990157 0
1756207792658 -184522.7195990157 0
1756207853436 -184522.7195990157 0
1756211711071 -184522.7195990157 0
1756212211921 -184522.7195990157 0
1756212242521 -184522.7195990157 0
1756212719515 -184522.7195990157 0
1756213020078 -184522.7195990157 0
