1756203418019 273.1074421947488 0
1756203549908 446.67534139485804 0
1756203651723 446.67534139485804 0
1756203803961 429.56107784460136 0
1756204165676 429.56107784460136 0
1756204192989 429.56107784460136 0
1756204208726 429.56107784460136 0
1756204236746 429.56107784460136 0
1756204519121 429.56107784460136 0
1756204546517 429.56107784460136 0
1756204553810 429.56107784460136 0
1756204582877 429.56107784460136 0
1756205813972 429.56107784460136 0
1756205936405 429.56107784460136 0
1756205955439 429.56107784460136 0
1756206099168 429.56107784460136 0
1756207586003 429.56107784460136 0
1756207741395 429.56107784460136 0
1756207792658 429.56107784460136 0
1756207853436 429.56107784460136 0
1756211711071 429.56107784460136 0
1756212211921 429.56107784460136 0
1756212242521 429.56107784460136 0
1756212719515 429.56107784460136 0
1756213020078 429.56107784460136 0
