1756304408528 3.664377056325016 0
1756304482906 5.221670803410828 0
1756304506790 5.221670803410828 0
1756304526168 5.221670803410828 0
1756304991947 2.820621790682663 0
1756305025470 2.820621790682663 0
1756305044427 2.820621790682663 0
1756305077490 2.820621790682663 0
1756305410542 2.820621790682663 0
1756305436503 2.820621790682663 0
1756305443848 2.820621790682663 0
1756305471831 2.820621790682663 0
1756306412337 2.820621790682663 0
1756306535878 2.820621790682663 0
1756306553725 2.820621790682663 0
1756306690669 2.820621790682663 0
