1756661010926 -4.528036038106332 0
1756661095212 -2.181605898309084 0
1756661120184 -2.181605898309084 0
1756661140268 -1.1072374856676999 0
1756661592975 -0.7400754563621541 0
1756661622157 -0.7400754563621541 0
1756661639075 -0.7400754563621541 0
1756661669053 -0.7400754563621541 0
1756662011223 -0.734519046907582 0
1756662038842 -0.734519046907582 0
1756662046423 -0.734519046907582 0
1756662075713 -0.734519046907582 0
1756663020576 -0.161844379763866 0
1756663135878 -0.0005567639989068063 0
1756663153589 -0.0005567639989068063 0
1756663283551 -0.0005567639989068063 0
1756664274970 -0.0005567639989068063 0
1756664443068 -0.0005567639989068063 0
1756664508426 -0.0005567639989068063 0
1756664583876 -0.0005567639989068063 0
1756667970364 -0.0005567639989068063 0
1756668542376 -0.0005567639989068063 0
1756668573963 -0.0005567639989068063 0
1756669120143 -0.0005567639989068063 0
1756670219237 -0.0005567639989068063 0
1756670235108 -0.0005567639989068063 0
1756670247904 -0.0005567639989068063 0
1756670265374 -0.0005567639989068063 0
1756670942893 -0.0005567639989068063 0
1756671040748 -0.0005567639989068063 0
1756671066262 -0.0005567639989068063 0
1756671148658 -0.0005567639989068063 0
