1756661010926 1.3099958506730869 0
1756661095212 1.0103697307740427 0
1756661120184 1.0103697307740427 0
1756661140268 1.2985557497009745 0
1756661592975 0.6875211966390755 0
1756661622157 0.6875211966390755 0
1756661639075 0.6875211966390755 0
1756661669053 0.6875211966390755 0
1756662011223 1.006518404880436 0
1756662038842 1.006518404880436 0
1756662046423 1.006518404880436 0
1756662075713 1.006518404880436 0
1756663020576 0.9010277679174232 0
1756663135878 0.882192175100342 0
1756663153589 0.882192175100342 0
1756663283551 0.882192175100342 0
1756664274970 0.882192175100342 0
1756664443068 0.882192175100342 0
1756664508426 0.882192175100342 0
1756664583876 0.882192175100342 0
1756667970364 0.882192175100342 0
1756668542376 0.882192175100342 0
1756668573963 0.882192175100342 0
1756669120143 0.882192175100342 0
1756670219237 0.882192175100342 0
1756670235108 0.882192175100342 0
1756670247904 0.882192175100342 0
1756670265374 0.882192175100342 0
1756670942893 0.882192175100342 0
1756671040748 0.882192175100342 0
1756671066262 0.882192175100342 0
1756671148658 0.882192175100342 0
