1757516463772 19.624039998366165 0
1757516547422 14.986924069304875 0
1757516640166 14.986924069304875 0
1757516790145 13.051933379259811 0
1757518394474 13.051933379259811 0
1757518422754 12.641034405057239 0
1757518438958 12.641034405057239 0
1757518468290 12.641034405057239 0
1757518804937 12.641034405057239 0
1757518829714 12.641034405057239 0
1757518836522 12.641034405057239 0
1757518863668 12.641034405057239 0
1757519364846 12.641034405057239 0
1757519490351 12.601801395105735 0
1757519506640 12.601801395105735 0
1757519649490 12.601801395105735 0
1757520985556 12.601801395105735 0
1757521030085 12.601801395105735 0
1757521071015 12.601801395105735 0
1757521131397 12.601801395105735 0
1757523098337 12.601801395105735 0
1757523558484 12.601801395105735 0
1757523600154 12.601801395105735 0
1757524137566 12.601801395105735 0
1757526642992 12.601801395105735 0
1757526658699 12.601801395105735 0
1757526673064 11.831442515660985 0
1757526688954 11.831442515660985 0
1757527143481 11.831442515660985 0
1757527229187 11.831442515660985 0
1757527257380 11.831442515660985 0
1757527413883 11.831442515660985 0
