1756366179009 -0.05529235323043955 0
1756366209362 -0.057181664838410175 0
1756366237944 -0.057181664838410175 0
1756366260945 -0.0217364335485484 0
1756366632535 -0.0217364335485484 0
1756366661190 -0.023209751453360215 0
1756366677143 -0.023209751453360215 0
1756366705407 -0.023209751453360215 0
1756366999927 -0.023209751453360215 0
1756367024787 -0.023209751453360215 0
1756367032024 -0.023209751453360215 0
1756367058756 -0.023209751453360215 0
1756368082916 -0.023209751453360215 0
1756368186521 -0.023209751453360215 0
1756368202826 -0.023209751453360215 0
1756368323397 -0.023209751453360215 0
1756368986552 -0.023209751453360215 0
1756369030265 -0.023209751453360215 0
1756369059674 -0.023209751453360215 0
1756369088153 -0.023209751453360215 0
1756373779670 -0.023209751453360215 0
1756374187845 -0.023209751453360215 0
1756374224533 -0.023209751453360215 0
1756374684445 -0.023209751453360215 0
1756374930897 -0.023209751453360215 0
1756374947470 -0.023209751453360215 0
1756374960040 -0.023209751453360215 0
