1756366179009 0.20493481709695793 0
1756366209362 0.15963449496658697 0
1756366237944 0.15963449496658697 0
1756366260945 0.126096203252788 0
1756366632535 0.126096203252788 0
1756366661190 0.12107631578947374 0
1756366677143 0.12107631578947374 0
1756366705407 0.12107631578947374 0
1756366999927 0.12107631578947374 0
1756367024787 0.12107631578947374 0
1756367032024 0.12107631578947374 0
1756367058756 0.12107631578947374 0
1756368082916 0.12107631578947374 0
1756368186521 0.12107631578947374 0
1756368202826 0.12107631578947374 0
1756368323397 0.12107631578947374 0
1756368986552 0.12107631578947374 0
1756369030265 0.12107631578947374 0
1756369059674 0.12107631578947374 0
1756369088153 0.12107631578947374 0
1756373779670 0.12107631578947374 0
1756374187845 0.12107631578947374 0
1756374224533 0.12107631578947374 0
1756374684445 0.12107631578947374 0
1756374930897 0.12107631578947374 0
1756374947470 0.12107631578947374 0
1756374960040 0.12107631578947374 0
1756374977233 0.12229550592166688 0
1756375732352 0.12229550592166688 0
1756375776057 0.12229550592166688 0
1756375798402 0.12229550592166688 0
1756375872923 0.12229550592166688 0
