1756366179009 -2.2353464783267887 0
1756366209362 -0.8609849047830547 0
1756366237944 -0.8609849047830547 0
1756366260945 -0.0008277571260371097 0
1756366632535 -0.0008277571260371097 0
1756366661190 0.07762840268375548 0
1756366677143 0.07762840268375548 0
1756366705407 0.07762840268375548 0
1756366999927 0.07762840268375548 0
1756367024787 0.07762840268375548 0
1756367032024 0.07762840268375548 0
1756367058756 0.07762840268375548 0
1756368082916 0.07762840268375548 0
1756368186521 0.07762840268375548 0
1756368202826 0.07762840268375548 0
1756368323397 0.07762840268375548 0
1756368986552 0.07762840268375548 0
1756369030265 0.07762840268375548 0
1756369059674 0.07762840268375548 0
1756369088153 0.07762840268375548 0
1756373779670 0.07762840268375548 0
1756374187845 0.07762840268375548 0
1756374224533 0.07762840268375548 0
1756374684445 0.07762840268375548 0
1756374930897 0.07762840268375548 0
1756374947470 0.07762840268375548 0
1756374960040 0.07762840268375548 0
1756374977233 0.0961230748151296 0
1756375732352 0.0961230748151296 0
1756375776057 0.0961230748151296 0
1756375798402 0.0961230748151296 0
1756375872923 0.0961230748151296 0
