1756366179009 -0.036056746978861146 0
1756366209362 -0.02222155976864884 0
1756366237944 -0.02222155976864884 0
1756366260945 -0.02210267288161151 0
1756366632535 -0.02210267288161151 0
1756366661190 -0.005813364147350995 0
1756366677143 -0.005813364147350995 0
1756366705407 -0.005813364147350995 0
1756366999927 -0.005813364147350995 0
1756367024787 -0.005813364147350995 0
1756367032024 -0.005813364147350995 0
1756367058756 -0.005813364147350995 0
1756368082916 -0.005813364147350995 0
1756368186521 -0.005813364147350995 0
1756368202826 -0.005813364147350995 0
1756368323397 -0.005813364147350995 0
1756368986552 -0.005813364147350995 0
1756369030265 -0.005813364147350995 0
1756369059674 -0.005813364147350995 0
1756369088153 -0.005813364147350995 0
1756373779670 -0.005813364147350995 0
1756374187845 -0.005813364147350995 0
1756374224533 -0.005813364147350995 0
1756374684445 -0.005813364147350995 0
1756374930897 -0.005813364147350995 0
1756374947470 -0.005813364147350995 0
1756374960040 -0.005813364147350995 0
