1756365753753 0.03287175954517152 0
1756365807908 -0.03275787861903523 0
1756365832168 -0.03275787861903523 0
1756365851401 -0.005603111965577945 0
1756366277668 0.8778660924487935 0
1756366306954 0.8778660924487935 0
1756366324092 0.8778660924487935 0
1756366351219 0.8778660924487935 0
1756366712142 0.8778660924487935 0
1756366739381 0.8778660924487935 0
1756366746133 0.8778660924487935 0
1756366773943 0.8778660924487935 0
1756367073825 0.8778660924487935 0
1756367167635 0.8778660924487935 0
1756367182278 0.8778660924487935 0
1756367293104 0.8778660924487935 0
