1756202988944 555.8167289040215 0
1756203073254 450.4363058707142 0
1756203165501 450.4363058707142 0
1756203316580 450.4363058707142 0
1756204078343 447.2150117132907 0
1756204105921 437.94439298717623 0
1756204121662 437.94439298717623 0
1756204149479 437.94439298717623 0
1756204452344 437.94439298717623 0
1756204478003 437.94439298717623 0
1756204484832 437.94439298717623 0
1756204511794 437.94439298717623 0
1756205513369 437.94439298717623 0
1756205636960 437.94439298717623 0
1756205654297 437.94439298717623 0
1756205796574 437.94439298717623 0
