1756202988944 -0.3066585186194155 0
1756203073254 -0.3234915124927411 0
1756203165501 -0.3234915124927411 0
1756203316580 -0.3234915124927411 0
1756204078343 0.8754446467595448 0
1756204105921 0.4811855616928248 0
1756204121662 0.4811855616928248 0
1756204149479 0.4811855616928248 0
1756204452344 0.4811855616928248 0
1756204478003 0.4811855616928248 0
1756204484832 0.4811855616928248 0
1756204511794 0.4811855616928248 0
1756205513369 0.4811855616928248 0
1756205636960 0.4811855616928248 0
1756205654297 0.4811855616928248 0
1756205796574 0.4811855616928248 0
