1756202117779 374.92753842499576 0
1756202196134 352.2674845963284 0
1756202290059 352.2674845963284 0
1756202436239 331.94035818109796 0
1756203900425 331.94035818109796 0
1756203928049 223.66010479041918 0
1756203943339 223.66010479041918 0
1756203971401 223.66010479041918 0
1756204309577 223.66010479041918 0
1756204334775 223.66010479041918 0
1756204341652 223.66010479041918 0
1756204368372 223.66010479041918 0
1756204866019 223.66010479041918 0
1756205004159 270.6230965802769 0
1756205019832 270.6230965802769 0
1756205166586 270.6230965802769 0
1756206597182 270.6230965802769 0
1756206684630 270.6230965802769 0
1756206748820 270.6230965802769 0
1756206811856 270.6230965802769 0
1756208894343 270.6230965802769 0
1756209360988 270.6230965802769 0
1756209399029 270.6230965802769 0
1756209819478 270.6230965802769 0
1756212805730 270.6230965802769 0
