1756202117779 -220192.7983026334 0
1756202196134 -190776.61831884764 0
1756202290059 -190776.61831884764 0
1756202436239 -175757.56418101676 0
1756203900425 -175757.56418101676 0
1756203928049 -82728.27689928892 0
1756203943339 -82728.27689928892 0
1756203971401 -82728.27689928892 0
1756204309577 -82728.27689928892 0
1756204334775 -82728.27689928892 0
1756204341652 -82728.27689928892 0
1756204368372 -82728.27689928892 0
1756204866019 -82728.27689928892 0
1756205004159 -117856.37712452012 0
1756205019832 -117856.37712452012 0
1756205166586 -117856.37712452012 0
1756206597182 -117856.37712452012 0
1756206684630 -117856.37712452012 0
1756206748820 -117856.37712452012 0
1756206811856 -117856.37712452012 0
1756208894343 -117856.37712452012 0
1756209360988 -117856.37712452012 0
1756209399029 -117856.37712452012 0
1756209819478 -117856.37712452012 0
1756212805730 -117856.37712452012 0
