1756202117779 469.24705465525665 0
1756202196134 436.77982819590886 0
1756202290059 436.77982819590886 0
1756202436239 419.2344978422181 0
1756203900425 419.2344978422181 0
1756203928049 287.6252368956676 0
1756203943339 287.6252368956676 0
1756203971401 287.6252368956676 0
1756204309577 287.6252368956676 0
1756204334775 287.6252368956676 0
1756204341652 287.6252368956676 0
1756204368372 287.6252368956676 0
1756204866019 287.6252368956676 0
1756205004159 343.30216591877206 0
1756205019832 343.30216591877206 0
1756205166586 343.30216591877206 0
1756206597182 343.30216591877206 0
1756206684630 343.30216591877206 0
1756206748820 343.30216591877206 0
1756206811856 343.30216591877206 0
1756208894343 343.30216591877206 0
1756209360988 343.30216591877206 0
1756209399029 343.30216591877206 0
1756209819478 343.30216591877206 0
1756212805730 343.30216591877206 0
