1756277826762 -0.1285031561278273 0
1756277888041 -0.03748199448171252 0
1756277935518 -0.03748199448171252 0
1756277957201 -0.0004032892893777114 0
1756278397485 -0.0004032892893777114 0
1756278426344 -0.0003968321297883063 0
1756278442406 -0.0003968321297883063 0
1756278471761 -0.0003968321297883063 0
1756278803484 -0.0003968321297883063 0
1756278835278 -0.0003968321297883063 0
1756278842747 -0.0003968321297883063 0
1756278876119 -0.0003968321297883063 0
1756279522279 -0.0003968321297883063 0
1756279594199 -0.00037554254229707956 0
1756279609719 -0.00037554254229707956 0
1756279708365 -0.00037554254229707956 0
