1756277826762 0.2872631711709106 0
1756277888041 0.15320148027523356 0
1756277935518 0.15320148027523356 0
1756277957201 0.010308873637155417 0
1756278397485 0.010308873637155417 0
1756278426344 0.004740625 0
1756278442406 0.004740625 0
1756278471761 0.004740625 0
1756278803484 0.004740625 0
1756278835278 0.004740625 0
1756278842747 0.004740625 0
1756278876119 0.004740625 0
1756279522279 0.004740625 0
1756279594199 0.00754713282478042 0
1756279609719 0.00754713282478042 0
1756279708365 0.00754713282478042 0
