1756277826762 422.74429750535126 0
1756277888041 1210.1128102081782 0
1756277935518 1210.1128102081782 0
1756277957201 65.14626496867965 0
1756278397485 65.14626496867965 0
1756278426344 73.55555555555554 0
1756278442406 73.55555555555554 0
1756278471761 73.55555555555554 0
1756278803484 73.55555555555554 0
1756278835278 73.55555555555554 0
1756278842747 73.55555555555554 0
1756278876119 73.55555555555554 0
1756279522279 73.55555555555554 0
1756279594199 61.17945874316825 0
1756279609719 61.17945874316825 0
1756279708365 61.17945874316825 0
