1756277826762 -493.05088892915796 0
1756277888041 -139.21729280649006 0
1756277935518 -139.21729280649006 0
1756277957201 -0.07654934436125993 0
1756278397485 -0.07654934436125993 0
1756278426344 0.11798864176974344 0
1756278442406 0.11798864176974344 0
1756278471761 0.11798864176974344 0
1756278803484 0.11798864176974344 0
1756278835278 0.11798864176974344 0
1756278842747 0.11798864176974344 0
1756278876119 0.11798864176974344 0
1756279522279 0.11798864176974344 0
1756279594199 0.12076655663961489 0
1756279609719 0.12076655663961489 0
1756279708365 0.12076655663961489 0
