1756277826762 0.3602941452010236 0
1756277888041 0.1919429438268187 0
1756277935518 0.1919429438268187 0
1756277957201 0.016818541560757315 0
1756278397485 0.016818541560757315 0
1756278426344 0.015223287567900699 0
1756278442406 0.015223287567900699 0
1756278471761 0.015223287567900699 0
1756278803484 0.015223287567900699 0
1756278835278 0.015223287567900699 0
1756278842747 0.015223287567900699 0
1756278876119 0.015223287567900699 0
1756279522279 0.015223287567900699 0
1756279594199 0.01519929561667057 0
1756279609719 0.01519929561667057 0
1756279708365 0.01519929561667057 0
