1756277826762 -50.248164112592484 0
1756277888041 -31.591183783130873 0
1756277935518 -31.591183783130873 0
1756277957201 -0.03239133276347683 0
1756278397485 -0.03239133276347683 0
1756278426344 0.273459155723608 0
1756278442406 0.273459155723608 0
1756278471761 0.273459155723608 0
1756278803484 0.273459155723608 0
1756278835278 0.273459155723608 0
1756278842747 0.273459155723608 0
1756278876119 0.273459155723608 0
1756279522279 0.273459155723608 0
1756279594199 0.29154407634607493 0
1756279609719 0.29154407634607493 0
1756279708365 0.29154407634607493 0
