1756277826762 0.13597818346077697 0
1756277888041 0.1084376623586565 0
1756277935518 0.1084376623586565 0
1756277957201 0.019299775357681424 0
1756278397485 0.019299775357681424 0
1756278426344 0.016190493857389094 0
1756278442406 0.016190493857389094 0
1756278471761 0.016190493857389094 0
1756278803484 0.016190493857389094 0
1756278835278 0.016190493857389094 0
1756278842747 0.016190493857389094 0
1756278876119 0.016190493857389094 0
1756279522279 0.016190493857389094 0
1756279594199 0.01598771865218076 0
1756279609719 0.01598771865218076 0
1756279708365 0.01598771865218076 0
