1756460819369 -0.3949228789501499 0
1756460880085 -0.3433429424266851 0
1756460908606 -0.3433429424266851 0
1756460928969 -0.12183583637938133 0
1756461291731 -0.12183583637938133 0
1756461318099 -0.12183583637938133 0
1756461333546 -0.12183583637938133 0
1756461360638 -0.12183583637938133 0
1756461654267 -0.12183583637938133 0
1756461679437 -0.12183583637938133 0
1756461686619 -0.12183583637938133 0
1756461712946 -0.12183583637938133 0
1756462891085 -0.11547369290916625 0
1756463008505 -0.11547369290916625 0
1756463025789 -0.11547369290916625 0
1756463163343 -0.11547369290916625 0
1756464107513 -0.13546520734149164 0
1756464182384 -0.13546520734149164 0
1756464225584 -0.13546520734149164 0
1756464282495 -0.13546520734149164 0
1756468212956 -0.13546520734149164 0
1756468568264 -0.13546520734149164 0
1756468596265 -0.13546520734149164 0
1756468924849 -0.13546520734149164 0
1756469166195 -0.13546520734149164 0
1756469181221 -0.13546520734149164 0
1756469194711 -0.13546520734149164 0
1756469210623 -0.13546520734149164 0
1756470097170 -0.13546520734149164 0
1756470138938 -0.13546520734149164 0
1756470158839 -0.13546520734149164 0
1756470240168 -0.13546520734149164 0
