1756460819369 0.6402148667555844 0
1756460880085 0.6427095256068123 0
1756460908606 0.6427095256068123 0
1756460928969 0.43527032687342126 0
1756461291731 0.43527032687342126 0
1756461318099 0.43527032687342126 0
1756461333546 0.43527032687342126 0
1756461360638 0.43527032687342126 0
1756461654267 0.43527032687342126 0
1756461679437 0.43527032687342126 0
1756461686619 0.43527032687342126 0
1756461712946 0.43527032687342126 0
1756462891085 0.4289134386966104 0
1756463008505 0.4289134386966104 0
1756463025789 0.4289134386966104 0
1756463163343 0.4289134386966104 0
1756464107513 0.431506783994416 0
1756464182384 0.431506783994416 0
1756464225584 0.431506783994416 0
1756464282495 0.431506783994416 0
1756468212956 0.431506783994416 0
1756468568264 0.431506783994416 0
1756468596265 0.431506783994416 0
1756468924849 0.431506783994416 0
1756469166195 0.431506783994416 0
1756469181221 0.431506783994416 0
1756469194711 0.431506783994416 0
1756469210623 0.431506783994416 0
1756470097170 0.431506783994416 0
1756470138938 0.431506783994416 0
1756470158839 0.431506783994416 0
1756470240168 0.431506783994416 0
