1756460819369 93.2431206422302 0
1756460880085 90.81325334401642 0
1756460908606 90.81325334401642 0
1756460928969 95.2526170999045 0
1756461291731 95.2526170999045 0
1756461318099 95.2526170999045 0
1756461333546 95.2526170999045 0
1756461360638 95.2526170999045 0
1756461654267 95.2526170999045 0
1756461679437 95.2526170999045 0
1756461686619 95.2526170999045 0
1756461712946 95.2526170999045 0
1756462891085 95.83906910466075 0
1756463008505 95.83906910466075 0
1756463025789 95.83906910466075 0
1756463163343 95.83906910466075 0
1756464107513 95.08075864746525 0
1756464182384 95.08075864746525 0
1756464225584 95.08075864746525 0
1756464282495 95.08075864746525 0
1756468212956 95.08075864746525 0
1756468568264 95.08075864746525 0
1756468596265 95.08075864746525 0
1756468924849 95.08075864746525 0
1756469166195 95.08075864746525 0
1756469181221 95.08075864746525 0
1756469194711 95.08075864746525 0
1756469210623 95.08075864746525 0
1756470097170 95.08075864746525 0
1756470138938 95.08075864746525 0
1756470158839 95.08075864746525 0
1756470240168 95.08075864746525 0
