1756460819369 0.29529567887892033 0
1756460880085 0.07589964037200549 0
1756460908606 0.07589964037200549 0
1756460928969 0.11544771176259892 0
1756461291731 0.11544771176259892 0
1756461318099 0.11544771176259892 0
1756461333546 0.11544771176259892 0
1756461360638 0.11544771176259892 0
1756461654267 0.11544771176259892 0
1756461679437 0.11544771176259892 0
1756461686619 0.11544771176259892 0
1756461712946 0.11544771176259892 0
1756462891085 0.08958612576116085 0
1756463008505 0.08958612576116085 0
1756463025789 0.08958612576116085 0
1756463163343 0.08958612576116085 0
