1756661165297 -3.87344604700066 0
1756661248357 -3.452422117917311 0
1756661274027 -3.452422117917311 0
1756661294713 -1.3198134962539185 0
1756661685637 -1.3198134962539185 0
1756661714178 -1.3198134962539185 0
1756661730554 -1.3198134962539185 0
1756661759286 -1.3198134962539185 0
1756662083397 -1.3198134962539185 0
1756662111288 -1.3198134962539185 0
1756662118784 -1.3198134962539185 0
1756662148158 -1.3198134962539185 0
1756663301629 -1.2833490963046632 0
1756663412630 -1.2833490963046632 0
1756663430603 -1.2833490963046632 0
1756663560902 -1.2833490963046632 0
1756664641334 -1.2833490963046632 0
1756664671967 -1.2833490963046632 0
1756664703082 -1.2833490963046632 0
1756664772035 -1.2833490963046632 0
1756669156392 -1.2022976376832333 0
1756669500746 -1.2022976376832333 0
1756669535084 -1.2022976376832333 0
1756670012452 -1.2022976376832333 0
1756670278788 -1.2022976376832333 0
1756670292948 -1.2022976376832333 0
1756670309037 -1.2022976376832333 0
1756670326254 -1.2022976376832333 0
1756671171080 -1.2022976376832333 0
1756671219320 -1.2022976376832333 0
1756671244349 -1.2022976376832333 0
1756671337024 -1.2022976376832333 0
