1756661165297 9.461102062968786 0
1756661248357 6.177983466376022 0
1756661274027 6.177983466376022 0
1756661294713 4.2703910586451075 0
1756661685637 4.2703910586451075 0
1756661714178 4.2703910586451075 0
1756661730554 4.2703910586451075 0
1756661759286 4.2703910586451075 0
1756662083397 4.2703910586451075 0
1756662111288 4.2703910586451075 0
1756662118784 4.2703910586451075 0
1756662148158 4.2703910586451075 0
1756663301629 4.142334834920801 0
1756663412630 4.142334834920801 0
1756663430603 4.142334834920801 0
1756663560902 4.142334834920801 0
1756664641334 4.142334834920801 0
1756664671967 4.142334834920801 0
1756664703082 4.142334834920801 0
1756664772035 4.142334834920801 0
1756669156392 4.072872692800766 0
1756669500746 4.072872692800766 0
1756669535084 4.072872692800766 0
1756670012452 4.072872692800766 0
1756670278788 4.072872692800766 0
1756670292948 4.072872692800766 0
1756670309037 4.072872692800766 0
1756670326254 4.072872692800766 0
1756671171080 4.072872692800766 0
1756671219320 4.072872692800766 0
1756671244349 4.072872692800766 0
1756671337024 4.072872692800766 0
