1756661165297 1.4037063462280295 0
1756661248357 0.7245169122942446 0
1756661274027 0.7245169122942446 0
1756661294713 0.7188978748898043 0
1756661685637 0.7188978748898043 0
1756661714178 0.7188978748898043 0
1756661730554 0.7188978748898043 0
1756661759286 0.7188978748898043 0
1756662083397 0.7188978748898043 0
1756662111288 0.7188978748898043 0
1756662118784 0.7188978748898043 0
1756662148158 0.7188978748898043 0
1756663301629 0.6527154498068702 0
1756663412630 0.6527154498068702 0
1756663430603 0.6527154498068702 0
1756663560902 0.6527154498068702 0
1756664641334 0.6527154498068702 0
1756664671967 0.6527154498068702 0
1756664703082 0.6527154498068702 0
1756664772035 0.6527154498068702 0
