1756661165297 -1.3572689002442795 0
1756661248357 0.260502080251675 0
1756661274027 0.260502080251675 0
1756661294713 -0.017865139973453514 0
1756661685637 -0.017865139973453514 0
1756661714178 -0.017865139973453514 0
1756661730554 -0.017865139973453514 0
1756661759286 -0.017865139973453514 0
1756662083397 -0.017865139973453514 0
1756662111288 -0.017865139973453514 0
1756662118784 -0.017865139973453514 0
1756662148158 -0.017865139973453514 0
1756663301629 0.23331817123523202 0
1756663412630 0.23331817123523202 0
1756663430603 0.23331817123523202 0
1756663560902 0.23331817123523202 0
1756664641334 0.23331817123523202 0
1756664671967 0.23331817123523202 0
1756664703082 0.23331817123523202 0
1756664772035 0.23331817123523202 0
