1756973544712 -2698.6287513323905 0
1756973625101 -2698.6287513323905 0
1756973660643 -2698.6287513323905 0
1756973714255 -2698.6287513323905 0
1756974092125 -1895.7629204909367 0
1756974121419 -2077.9136427465755 0
1756974137786 -2077.9136427465755 0
1756974167273 -2077.9136427465755 0
1756974463478 -2077.9136427465755 0
1756974492766 -3009.391804291551 0
1756974500688 -3009.391804291551 0
1756974531639 -3009.391804291551 0
1756975830640 -3009.391804291551 0
1756975948755 -3009.391804291551 0
1756975967497 -3009.391804291551 0
1756976100013 -3009.391804291551 0
1756977347288 -3009.391804291551 0
1756977447517 -3009.391804291551 0
1756977494026 -3009.391804291551 0
1756977606750 -3009.391804291551 0
1756981343314 -3009.391804291551 0
