1756973544712 45.497805181936606 0
1756973625101 45.497805181936606 0
1756973660643 45.497805181936606 0
1756973714255 45.497805181936606 0
1756974092125 44.423189534969914 0
1756974121419 44.41715666837201 0
1756974137786 44.41715666837201 0
1756974167273 44.41715666837201 0
1756974463478 44.41715666837201 0
1756974492766 42.76204051796157 0
1756974500688 42.76204051796157 0
1756974531639 42.76204051796157 0
1756975830640 42.76204051796157 0
1756975948755 42.76204051796157 0
1756975967497 42.76204051796157 0
1756976100013 42.76204051796157 0
1756977347288 42.76204051796157 0
1756977447517 42.76204051796157 0
1756977494026 42.76204051796157 0
1756977606750 42.76204051796157 0
1756981343314 42.76204051796157 0
1756981813089 40.900285917302554 0
1756981846365 40.900285917302554 0
1756982345077 40.900285917302554 0
1756982634519 40.900285917302554 0
1756982648776 40.900285917302554 0
1756982664270 40.900285917302554 0
1756982686813 40.900285917302554 0
1756984000593 40.900285917302554 0
1756984155652 40.0582838359632 0
1756984197185 40.0582838359632 0
1756984435745 40.0582838359632 0
