1756973544712 18.333422920708532 0
1756973625101 18.333422920708532 0
1756973660643 18.333422920708532 0
1756973714255 18.333422920708532 0
1756974092125 18.373317686120615 0
1756974121419 18.35665591781624 0
1756974137786 18.35665591781624 0
1756974167273 18.35665591781624 0
1756974463478 18.35665591781624 0
1756974492766 18.19027849743946 0
1756974500688 18.19027849743946 0
1756974531639 18.19027849743946 0
1756975830640 18.19027849743946 0
1756975948755 18.19027849743946 0
1756975967497 18.19027849743946 0
1756976100013 18.19027849743946 0
1756977347288 18.19027849743946 0
1756977447517 18.19027849743946 0
1756977494026 18.19027849743946 0
1756977606750 18.19027849743946 0
1756981343314 18.19027849743946 0
1756981813089 17.22911586936494 0
1756981846365 17.22911586936494 0
1756982345077 17.22911586936494 0
1756982634519 17.22911586936494 0
1756982648776 17.22911586936494 0
1756982664270 17.22911586936494 0
1756982686813 17.22911586936494 0
1756984000593 17.22911586936494 0
1756984155652 16.93177043250672 0
1756984197185 16.93177043250672 0
1756984435745 16.93177043250672 0
