1756973544712 0.004439254343414967 0
1756973625101 0.004439254343414967 0
1756973660643 0.004439254343414967 0
1756973714255 0.004439254343414967 0
1756974092125 0.16178272888306133 0
1756974121419 0.16199632313432855 0
1756974137786 0.16199632313432855 0
1756974167273 0.16199632313432855 0
1756974463478 0.16199632313432855 0
1756974492766 0.28769033137394784 0
1756974500688 0.28769033137394784 0
1756974531639 0.28769033137394784 0
1756975830640 0.28769033137394784 0
1756975948755 0.28769033137394784 0
1756975967497 0.28769033137394784 0
1756976100013 0.28769033137394784 0
1756977347288 0.28769033137394784 0
1756977447517 0.28769033137394784 0
1756977494026 0.28769033137394784 0
1756977606750 0.28769033137394784 0
1756981343314 0.28769033137394784 0
1756981813089 0.2880099172503129 0
1756981846365 0.2880099172503129 0
1756982345077 0.2880099172503129 0
1756982634519 0.2880099172503129 0
1756982648776 0.2880099172503129 0
1756982664270 0.2880099172503129 0
1756982686813 0.2880099172503129 0
1756984000593 0.2880099172503129 0
1756984155652 0.3236719784348112 0
1756984197185 0.3236719784348112 0
1756984435745 0.3236719784348112 0
