1756663839729 0.7111262105597812 0
1756663909499 0.7111262105597812 0
1756663946189 0.7111262105597812 0
1756664003152 0.6201985220152485 0
1756665688833 0.6002338650559932 0
1756666189069 0.6002338650559932 0
1756666218030 0.6002338650559932 0
1756666747609 0.6002338650559932 0
1756670089513 0.5610425090782233 0
1756670107013 0.5610425090782233 0
1756670121371 0.5610425090782233 0
1756670136453 0.5610425090782233 0
1756670524455 0.5658764130728586 0
1756670586018 0.5658764130728586 0
1756670610667 0.5658764130728586 0
1756670698854 0.5658764130728586 0
