1756663839729 4.683104671460455 0
1756663909499 4.683104671460455 0
1756663946189 4.683104671460455 0
1756664003152 4.111326212459394 0
1756665688833 3.989933598665268 0
1756666189069 3.989933598665268 0
1756666218030 3.989933598665268 0
1756666747609 3.989933598665268 0
1756670089513 3.724093618651568 0
1756670107013 3.724093618651568 0
1756670121371 3.724093618651568 0
1756670136453 3.724093618651568 0
1756670524455 3.7699512001204845 0
1756670586018 3.7699512001204845 0
1756670610667 3.7699512001204845 0
1756670698854 3.7699512001204845 0
