1756663839729 -0.20956244488780196 0
1756663909499 -0.20956244488780196 0
1756663946189 -0.20956244488780196 0
1756664003152 -0.03705983409356639 0
1756665688833 0.09368315185445875 0
1756666189069 0.09368315185445875 0
1756666218030 0.09368315185445875 0
1756666747609 0.09368315185445875 0
1756670089513 0.10023501074736951 0
1756670107013 0.10023501074736951 0
1756670121371 0.10023501074736951 0
1756670136453 0.10023501074736951 0
1756670524455 0.11951737821883135 0
1756670586018 0.11951737821883135 0
1756670610667 0.11951737821883135 0
1756670698854 0.11951737821883135 0
