1757406868021 -20181.970402178136 0
1757406922613 -20181.970402178136 0
1757406944621 -20181.970402178136 0
1757406963904 -20181.970402178136 0
1757407455038 -21464.63753202294 0
1757407494138 -21464.63753202294 0
1757407512758 -21464.63753202294 0
1757407551368 -21464.63753202294 0
1757408000465 -21464.63753202294 0
1757408066944 -21464.63753202294 0
1757408075291 -21464.63753202294 0
1757408143807 -21464.63753202294 0
1757408736554 -20468.61212585379 0
1757408803405 -20468.61212585379 0
1757408819129 -20468.61212585379 0
1757408902616 -20468.61212585379 0
1757409443958 -20468.61212585379 0
1757409477288 -20468.61212585379 0
1757409495959 -20468.61212585379 0
1757409522065 -20468.61212585379 0
1757412004641 -20468.61212585379 0
