1757406868021 3784.172506148934 0
1757406922613 3784.172506148934 0
1757406944621 3784.1725061489365 0
1757406963904 3784.1725061489365 0
1757407455038 3958.6998148597772 0
1757407494138 3958.6998148597772 0
1757407512758 3958.6998148597772 0
1757407551368 3958.6998148597772 0
1757408000465 3958.6998148597772 0
1757408066944 3958.6998148597772 0
1757408075291 3958.6998148597772 0
1757408143807 3958.6998148597772 0
1757408736554 1650.59869975176 0
1757408803405 1650.59869975176 0
1757408819129 1650.59869975176 0
1757408902616 1650.59869975176 0
1757409443958 1650.59869975176 0
1757409477288 1650.59869975176 0
1757409495959 1650.59869975176 0
1757409522065 1650.59869975176 0
1757412004641 1650.59869975176 0
1757412688682 19545.345891226614 0
1757412726027 19545.345891226614 0
1757413327868 19545.345891226614 0
1757415861961 19545.345891226614 0
1757415892901 19545.345891226614 0
1757415907712 19545.345891226614 0
1757415939788 19545.345891226614 0
1757416642751 19545.345891226614 0
1757416736985 19545.345891226614 0
1757416762469 19545.345891226614 0
1757416877173 19545.345891226614 0
