1757406868021 14.08743775678637 0
1757406922613 14.08743775678637 0
1757406944621 14.08743775678637 0
1757406963904 14.08743775678637 0
1757407455038 7.5217600929380115 0
1757407494138 7.5217600929380115 0
1757407512758 7.5217600929380115 0
1757407551368 7.5217600929380115 0
1757408000465 7.5217600929380115 0
1757408066944 7.5217600929380115 0
1757408075291 7.5217600929380115 0
1757408143807 7.5217600929380115 0
1757408736554 1.7167230006650385 0
1757408803405 1.7167230006650385 0
1757408819129 1.7167230006650385 0
1757408902616 1.7167230006650385 0
1757409443958 1.7167230006650385 0
1757409477288 1.7167230006650385 0
1757409495959 1.7167230006650385 0
1757409522065 1.7167230006650385 0
1757412004641 1.7167230006650385 0
