1757406868021 141.25701368552038 0
1757406922613 141.25701368552038 0
1757406944621 141.25701368552038 0
1757406963904 141.25701368552038 0
1757407455038 56.624144783408276 0
1757407494138 56.624144783408276 0
1757407512758 56.624144783408276 0
1757407551368 56.624144783408276 0
1757408000465 56.624144783408276 0
1757408066944 56.624144783408276 0
1757408075291 56.624144783408276 0
1757408143807 56.624144783408276 0
1757408736554 11.187887845157201 0
1757408803405 11.187887845157201 0
1757408819129 11.187887845157201 0
1757408902616 11.187887845157201 0
1757409443958 11.187887845157201 0
1757409477288 11.187887845157201 0
1757409495959 11.187887845157201 0
1757409522065 11.187887845157201 0
1757412004641 11.187887845157201 0
