1756329360655 15.380460184685212 0
1756329460574 12.828125013987338 0
1756329508208 12.693560733875303 0
1756329645882 12.693560733875303 0
1756330812037 12.693560733875303 0
1756331109587 12.693560733875303 0
1756331146841 12.693560733875303 0
1756331530131 12.693560733875303 0
1756335234548 12.693560733875303 0
1756335249142 12.693560733875303 0
1756335262509 12.693560733875303 0
1756335277732 12.693560733875303 0
1756335545013 12.693560733875303 0
1756335643345 12.693560733875303 0
1756335676374 12.693560733875303 0
1756335750801 12.693560733875303 0
