1756329360655 14.191657762357522 0
1756329460574 11.698041262163423 0
1756329508208 11.461741156787967 0
1756329645882 11.461741156787967 0
1756330812037 11.461741156787967 0
1756331109587 11.461741156787967 0
1756331146841 11.461741156787967 0
1756331530131 11.461741156787967 0
1756335234548 11.461741156787967 0
1756335249142 11.461741156787967 0
1756335262509 11.461741156787967 0
1756335277732 11.461741156787967 0
1756335545013 11.461741156787967 0
1756335643345 11.461741156787967 0
1756335676374 11.461741156787967 0
1756335750801 11.461741156787967 0
