1756476223739 -0.6043885041559072 0
1756476297596 -0.6043885041559072 0
1756476326695 -0.6043885041557973 0
1756476359291 -0.002019421347885908 0
1756476855868 -0.002019421347885908 0
1756476887679 -0.002019421347885908 0
1756476904448 -0.002019421347885908 0
1756476936631 -0.002019421347885908 0
1756477263314 0.05229390511967491 0
1756477301586 0.05229390511967491 0
1756477309097 0.05229390511967491 0
1756477348551 0.05229390511967491 0
1756478084419 0.05229390511967491 0
1756478219782 0.05229390511967491 0
1756478237078 0.05229390511967491 0
1756478390358 0.05229390511967491 0
