1756476223739 11.93080564520687 0
1756476297596 11.93080564520687 0
1756476326695 11.930805645206462 0
1756476359291 9.42872718584183 0
1756476855868 9.42872718584183 0
1756476887679 9.42872718584183 0
1756476904448 9.42872718584183 0
1756476936631 9.42872718584183 0
1756477263314 9.169630530735066 0
1756477301586 9.169630530735066 0
1756477309097 9.169630530735066 0
1756477348551 9.169630530735066 0
1756478084419 9.169630530735066 0
1756478219782 9.169630530735066 0
1756478237078 9.169630530735066 0
1756478390358 9.169630530735066 0
