1756674208331 -0.6117795422859813 0
1756674260145 -0.6117795422859813 0
1756674282490 -0.6117795422859813 0
1756674303223 -0.5028487635893282 0
1756674742655 -0.4445311533656433 0
1756674771814 -0.4445311533656433 0
1756674787641 -0.4445311533656433 0
1756674816566 -0.4445311533656433 0
1756675151088 -0.4445311533656433 0
1756675178576 -0.4445311533656433 0
1756675185796 -0.4445311533656433 0
1756675218768 -0.4445311533656433 0
1756675891046 -0.4445311533656433 0
1756676008950 -0.4445311533656433 0
1756676025303 -0.4445311533656433 0
1756676160438 -0.4445311533656433 0
1756677104019 -0.42537368605474624 0
1756677143820 -0.42537368605474624 0
1756677186288 -0.42537368605474624 0
1756677222222 -0.42537368605474624 0
1756679625338 -0.42537368605474624 0
1756679988263 -0.42537368605474624 0
1756680023860 -0.42537368605474624 0
1756680431831 -0.42537368605474624 0
1756682458901 -0.42537368605474624 0
1756682474722 -0.42537368605474624 0
1756682488161 -0.42537368605474624 0
1756682504166 -0.42537368605474624 0
1756683040420 -0.42537368605474624 0
1756683087047 -0.42537368605474624 0
1756683111972 -0.42537368605474624 0
1756683207690 -0.42537368605474624 0
