1756674208331 0.4809112113864325 0
1756674260145 0.4809112113864325 0
1756674282490 0.4809112113864325 0
1756674303223 0.7016357447891871 0
1756674742655 0.2606610446710564 0
1756674771814 0.2606610446710564 0
1756674787641 0.2606610446710564 0
1756674816566 0.2606610446710564 0
1756675151088 0.2606610446710564 0
1756675178576 0.2606610446710564 0
1756675185796 0.2606610446710564 0
1756675218768 0.2606610446710564 0
1756675891046 0.2606610446710564 0
1756676008950 0.2606610446710564 0
1756676025303 0.2606610446710564 0
1756676160438 0.2606610446710564 0
