1756674208331 -0.23127559323716598 0
1756674260145 -0.23127559323716598 0
1756674282490 -0.23127559323716598 0
1756674303223 -0.4922927183658773 0
1756674742655 -0.06794418020900644 0
1756674771814 -0.06794418020900644 0
1756674787641 -0.06794418020900644 0
1756674816566 -0.06794418020900644 0
1756675151088 -0.06794418020900644 0
1756675178576 -0.06794418020900644 0
1756675185796 -0.06794418020900644 0
1756675218768 -0.06794418020900644 0
1756675891046 -0.06794418020900644 0
1756676008950 -0.06794418020900644 0
1756676025303 -0.06794418020900644 0
1756676160438 -0.06794418020900644 0
