1757058132181 -0.05317125979338311 0
1757058233016 -0.04066031643661039 0
1757058325203 -0.04066031643661039 0
1757058482311 0.03816748565673522 0
1757060239578 0.03816748565673522 0
1757060266509 0.8346670316343029 0
1757060282138 0.8346670316343029 0
1757060309531 0.8346670316343029 0
1757060678294 0.8346670316343029 0
1757060705414 0.5039633396436933 0
1757060712506 0.5039633396436933 0
1757060739850 0.5039633396436933 0
1757061045413 0.5039633396436933 0
1757061147802 0.5039633396436933 0
1757061164882 0.5039633396436933 0
1757061291560 0.5039633396436933 0
