1757516463710 688.0766693255915 0
1757516547352 531.2823980887124 0
1757516640086 531.2823980887124 0
1757516790039 460.6271678699688 0
1757518394220 460.6271678699688 0
1757518422488 448.25097619047614 0
1757518438633 448.25097619047614 0
1757518468004 448.25097619047614 0
1757518804521 448.25097619047614 0
1757518829285 448.25097619047614 0
1757518836084 448.25097619047614 0
1757518863219 448.25097619047614 0
1757519364236 448.25097619047614 0
1757519489732 443.98032924107144 0
1757519505992 443.98032924107144 0
1757519648813 443.98032924107144 0
