1757516463710 19.624039998366165 0
1757516547352 14.986924069304875 0
1757516640086 14.986924069304875 0
1757516790039 13.051933379259811 0
1757518394220 13.051933379259811 0
1757518422488 12.641034405057239 0
1757518438633 12.641034405057239 0
1757518468004 12.641034405057239 0
1757518804521 12.641034405057239 0
1757518829285 12.641034405057239 0
1757518836084 12.641034405057239 0
1757518863219 12.641034405057239 0
1757519364236 12.641034405057239 0
1757519489732 12.601801395105735 0
1757519505992 12.601801395105735 0
1757519648813 12.601801395105735 0
