1757516463710 856.7616509765527 0
1757516547352 669.0559493354742 0
1757516640086 669.0559493354742 0
1757516790039 552.2097677803604 0
1757518394220 552.2097677803604 0
1757518422488 537.5331746153197 0
1757518438633 537.5331746153197 0
1757518468004 537.5331746153197 0
1757518804521 537.5331746153197 0
1757518829285 537.5331746153197 0
1757518836084 537.5331746153197 0
1757518863219 537.5331746153197 0
1757519364236 537.5331746153197 0
1757519489732 523.3478426583075 0
1757519505992 523.3478426583075 0
1757519648813 523.3478426583075 0
