1756914623843 -3.5732534150749196 0
1756914661121 -3.5732534150749196 0
1756914694903 -3.5683988369007507 0
1756914755760 -4.152086890040505 0
1756916075127 -4.152086890040505 0
1756916376042 -4.152086890040505 0
1756916411185 -4.152086890040505 0
1756916774514 -4.152086890040505 0
1756919685790 -4.152086890040505 0
1756919703184 -4.152086890040505 0
1756919717041 -4.152086890040505 0
1756919734341 -4.152086890040505 0
1756920139095 -4.152086890040505 0
1756920207343 -4.152086890040505 0
1756920235147 -4.152086890040505 0
1756920332558 -4.152086890040505 0
