1756914465038 2.8642077360439666 0
1756914505774 2.757395065725516 0
1756914549367 2.757395065725516 0
1756914585891 2.757395065725516 0
1756915294010 2.757395065725516 0
1756915624778 2.757395065725516 0
1756915659039 2.757395065725516 0
1756916039658 2.757395065725516 0
1756919627776 2.757395065725516 0
1756919643515 2.757395065725516 0
1756919656454 2.757395065725516 0
1756919673626 2.757395065725516 0
1756919932184 2.757395065725516 0
1756919987965 2.757395065725516 0
1756920012799 2.757395065725516 0
1756920111983 2.757395065725516 0
