1757321977691 6.510078760964173 0
1757322095821 4.8005379515450315 0
1757322128858 4.8005379515450315 0
1757322236195 4.8005379515450315 0
1757323274410 4.668416042797659 0
1757323607594 4.668416042797659 0
1757323645837 4.668416042797659 0
1757323986319 4.668416042797659 0
1757327610582 4.668416042797659 0
1757327627605 4.668416042797659 0
1757327643223 4.668416042797659 0
1757327661254 4.668416042797659 0
1757327968935 4.668416042797659 0
1757328071255 4.7190937335674565 0
1757328103723 4.7190937335674565 0
1757328271299 4.366919395251152 0
