1757077870642 492.80738054766056 0
1757077938052 492.80738054766056 0
1757077972151 492.8041080356284 0
1757078018991 492.7577951867374 0
1757078388139 491.5978581509513 0
1757078413504 491.536643111115 0
1757078428621 491.536643111115 0
1757078454550 491.536643111115 0
1757078735801 491.536643111115 0
1757078761840 491.536643111115 0
1757078769497 491.536643111115 0
1757078796071 491.536643111115 0
1757079752045 491.36737652017473 0
1757079863860 491.36737652017473 0
1757079880945 491.36737652017473 0
1757080008411 491.36737652017473 0
1757081142160 491.36737652017473 0
1757081227328 491.36737652017473 0
1757081257976 487.55766839080655 0
1757081330895 487.55766839080655 0
1757085083824 487.55766839080655 0
1757085413413 487.55766839080655 0
1757085450578 487.55766839080655 0
1757085762362 487.55766839080655 0
1757086035838 487.55766839080655 0
1757086050908 487.55766839080655 0
1757086066548 487.55766839080655 0
1757086084143 487.55766839080655 0
1757087223055 487.55766839080655 0
1757087351873 487.55766839080655 0
1757087388939 487.55766839080655 0
1757087498741 487.55766839080655 0
