1757077870642 18.16513955366262 0
1757077938052 18.16513955366262 0
1757077972151 18.402977418254267 0
1757078018991 14.173374760120849 0
1757078388139 4.935218515302222 0
1757078413504 5.155990983770394 0
1757078428621 5.155990983770394 0
1757078454550 5.155990983770394 0
1757078735801 5.155990983770394 0
1757078761840 5.155990983770394 0
1757078769497 5.155990983770394 0
1757078796071 5.155990983770394 0
1757079752045 1.3923411752887198 0
1757079863860 1.3923411752887198 0
1757079880945 1.3923411752887198 0
1757080008411 1.3923411752887198 0
1757081142160 1.3923411752887198 0
1757081227328 1.3923411752887198 0
