1756674101620 16.166731654394315 0
1756674143730 16.166731654394315 0
1756674166330 16.16673165439427 0
1756674185941 16.16673165439427 0
1756674651127 16.16673165439427 0
1756674680997 16.16673165439427 0
1756674696711 16.16673165439427 0
1756674726831 16.16673165439427 0
1756675066329 16.16673165439427 0
1756675100831 16.16673165439427 0
1756675108093 16.16673165439427 0
1756675144005 16.16673165439427 0
1756675606749 16.16673165439427 0
1756675722817 16.16673165439427 0
1756675739777 16.16673165439427 0
1756675873990 16.16673165439427 0
1756676934464 16.16673165439427 0
1756676961737 16.16673165439427 0
1756677017690 16.16673165439427 0
1756677066657 16.16673165439427 0
1756678573234 16.16673165439427 0
1756679063339 15.829800587707984 0
1756679093538 15.829800587707984 0
1756679589100 15.829800587707984 0
1756682397147 15.829800587707984 0
1756682414715 15.829800587707984 0
1756682428568 15.829800587707984 0
1756682445684 15.829800587707984 0
1756682828621 15.829800587707984 0
1756682888808 15.829800587707984 0
1756682926158 15.829800587707984 0
1756683010188 15.829800587707984 0
