1756674101620 0.5063641321743395 0
1756674143730 0.5063641321743395 0
1756674166330 0.5063641321743391 0
1756674185941 0.5063641321743391 0
1756674651127 0.5063641321743391 0
1756674680997 0.5063641321743391 0
1756674696711 0.5063641321743391 0
1756674726831 0.5063641321743391 0
1756675066329 0.5063641321743391 0
1756675100831 0.5063641321743391 0
1756675108093 0.5063641321743391 0
1756675144005 0.5063641321743391 0
1756675606749 0.5063641321743391 0
1756675722817 0.5063641321743391 0
1756675739777 0.5063641321743391 0
1756675873990 0.5063641321743391 0
1756676934464 0.5063641321743391 0
1756676961737 0.5063641321743391 0
1756677017690 0.5063641321743391 0
1756677066657 0.5063641321743391 0
1756678573234 0.5063641321743391 0
