1757493933392 -35048474681630.332 0
1757493956973 -35048505599661.71 0
1757493996828 -35048467142264.875 0
1757494054630 -35048467142264.875 0
1757495860467 -35048467142264.875 0
1757496335883 -35048467142264.875 0
1757496373160 -35048467142264.875 0
1757496972956 -35048467142264.875 0
1757500242987 -35048388364574.28 0
1757500259726 -35048402605549.875 0
1757500276561 -35048402605549.875 0
1757500301975 -35048402605549.875 0
1757500831927 -35048402605549.875 0
1757500908539 -35048402605549.875 0
1757500936907 -35048402605549.875 0
1757501056418 -35048402605549.875 0
