1757493933392 115.30272941170468 0
1757493956973 105.39356295439839 0
1757493996828 99.03536701811979 0
1757494054630 99.03536701811979 0
1757495860467 99.03536701811979 0
1757496335883 99.03536701811979 0
1757496373160 99.03536701811979 0
1757496972956 99.03536701811979 0
1757500242987 56.48420192981307 0
1757500259726 53.10891607778358 0
1757500276561 53.10891607778358 0
1757500301975 53.10891607778358 0
1757500831927 53.10891607778358 0
1757500908539 53.10891607778358 0
1757500936907 53.10891607778358 0
1757501056418 53.10891607778358 0
