1756799793602 1.0440195453092027 0
1756799869602 0.8529528689191842 0
1756799897214 0.8529528689191842 0
1756799921905 0.8529528689191842 0
1756800568724 0.8529528689191842 0
1756800596208 0.8385456469631801 0
1756800611987 0.8385456469631801 0
1756800639988 0.8385456469631801 0
1756801026579 0.8385456469631801 0
1756801058946 0.8385456469631801 0
1756801066523 0.8385456469631801 0
1756801101911 0.8385456469631801 0
1756801424836 0.7589216383965535 0
1756801532965 0.7452808358619267 0
1756801550520 0.7452808358619267 0
1756801673261 0.7452808358619267 0
