1756799793602 -3.4176840201437555 0
1756799869602 -2.9940781822140465 0
1756799897214 -2.9940781822140465 0
1756799921905 -2.9940781822140465 0
1756800568724 -2.9940781822140465 0
1756800596208 -1.7773304366930867 0
1756800611987 -1.7773304366930867 0
1756800639988 -1.7773304366930867 0
1756801026579 -1.7773304366930867 0
1756801058946 -1.7773304366930867 0
1756801066523 -1.7773304366930867 0
1756801101911 -1.7773304366930867 0
1756801424836 -2.081298305454618 0
1756801532965 -1.3598495638809334 0
1756801550520 -1.3598495638809334 0
1756801673261 -1.3598495638809334 0
