1756886981106 -0.02785439627209013 0
1756887026435 -0.02785439627209013 0
1756887050553 -0.02785439627209014 0
1756887070152 -0.02785439627209014 0
1756887448456 -0.02785439627209014 0
1756887477267 -0.02785439627209014 0
1756887493423 -0.02785439627209014 0
1756887523010 -0.02785439627209014 0
1756887853443 -0.02785439627209014 0
1756887882937 -0.02785439627209014 0
1756887890657 -0.02785439627209014 0
1756887921313 -0.02785439627209014 0
1756888891383 -0.02785439627209014 0
1756889020266 -0.02785439627209014 0
1756889039933 -0.02785439627209014 0
1756889187440 -0.02785439627209014 0
