1756886981106 0.22939245954881604 0
1756887026435 0.22939245954881604 0
1756887050553 0.2293924595488167 0
1756887070152 0.2293924595488167 0
1756887448456 0.2293924595488167 0
1756887477267 0.2293924595488167 0
1756887493423 0.2293924595488167 0
1756887523010 0.2293924595488167 0
1756887853443 0.2293924595488167 0
1756887882937 0.2293924595488167 0
1756887890657 0.2293924595488167 0
1756887921313 0.2293924595488167 0
1756888891383 0.2293924595488167 0
1756889020266 0.2293924595488167 0
1756889039933 0.2293924595488167 0
1756889187440 0.2293924595488167 0
1756890061071 0.24676465198109343 0
1756890095271 0.24676465198109343 0
1756890125566 0.24676465198109343 0
1756890165362 0.24676465198109343 0
1756893329999 0.24676465198109343 0
1756893800406 0.24676465198109343 0
1756893830810 0.24676465198109343 0
1756894344122 0.24676465198109343 0
1756895487918 0.24676465198109343 0
1756895501944 0.24676465198109343 0
1756895513935 0.24676465198109343 0
1756895529214 0.24676465198109343 0
1756896150430 0.24676465198109343 0
1756896191164 0.24676465198109343 0
1756896212883 0.24676465198109343 0
1756896295034 0.24676465198109343 0
