mean_fit_time,std_fit_time,mean_score_time,std_score_time,param_criterion,param_max_depth,param_min_samples_leaf,param_min_samples_split,param_splitter,params,split0_test_score,split1_test_score,split2_test_score,split3_test_score,split4_test_score,mean_test_score,std_test_score,rank_test_score
0.06352705955505371,0.00468300378729583,0.002994251251220703,6.264384534351129e-05,squared_error,,1,2,best,"{'criterion': 'squared_error', 'max_depth': None, 'min_samples_leaf': 1, 'min_samples_split': 2, 'splitter': 'best'}",-138.70194444444448,-130.81166666666667,-185.606,-188.45228571428572,-195.0014285714286,-167.7146650793651,27.196637612762338,99
0.01756315231323242,0.00037269939418062433,0.002967500686645508,8.441103310459533e-05,squared_error,,1,2,random,"{'criterion': 'squared_error', 'max_depth': None, 'min_samples_leaf': 1, 'min_samples_split': 2, 'splitter': 'random'}",-112.05944444444447,-212.1361111111111,-137.61314285714283,-111.59685714285715,-164.13514285714282,-147.50813968253968,37.67591563703099,53
0.053746938705444336,0.0038014778862181815,0.0030336380004882812,9.505506858781036e-05,squared_error,,1,5,best,"{'criterion': 'squared_error', 'max_depth': None, 'min_samples_leaf': 1, 'min_samples_split': 5, 'splitter': 'best'}",-176.9175771604938,-141.53704475308643,-195.32491468253968,-171.78868055555557,-176.4003988095238,-172.39372319223986,17.406084730820687,104
0.011739063262939452,0.00026515436482862676,0.0029121875762939454,3.131429953131651e-05,squared_error,,1,5,random,"{'criterion': 'squared_error', 'max_depth': None, 'min_samples_leaf': 1, 'min_samples_split': 5, 'splitter': 'random'}",-121.2013464506173,-198.25291473765435,-134.0128492063492,-163.3602023809524,-108.16081944444446,-144.99762644400352,32.302286447517496,45
0.04717559814453125,0.00420900632383893,0.003041839599609375,0.00018857228243949616,squared_error,,1,10,best,"{'criterion': 'squared_error', 'max_depth': None, 'min_samples_leaf': 1, 'min_samples_split': 10, 'splitter': 'best'}",-164.8074803850938,-125.99754134227767,-172.14963605703133,-165.9401689032862,-166.0271780936184,-158.98440095626148,16.6933998575787,85
0.009362363815307617,0.0006563317944167565,0.002903652191162109,3.459564492454365e-05,squared_error,,1,10,random,"{'criterion': 'squared_error', 'max_depth': None, 'min_samples_leaf': 1, 'min_samples_split': 10, 'splitter': 'random'}",-83.69112421006727,-107.4110139069105,-127.66467461550224,-92.49609360526217,-120.64103062452757,-106.38078739245395,16.522864739061834,1
0.05055813789367676,0.0019114621591698631,0.002971982955932617,8.05776637423312e-05,squared_error,,2,2,best,"{'criterion': 'squared_error', 'max_depth': None, 'min_samples_leaf': 2, 'min_samples_split': 2, 'splitter': 'best'}",-207.78104166666668,-156.51579475308645,-172.1019126984127,-161.23135714285718,-181.64834920634922,-175.85569109347443,18.192176798993803,106
0.011241292953491211,0.00040728611470106416,0.002964162826538086,7.605599011605905e-05,squared_error,,2,2,random,"{'criterion': 'squared_error', 'max_depth': None, 'min_samples_leaf': 2, 'min_samples_split': 2, 'splitter': 'random'}",-120.0042515432099,-118.34534722222224,-107.70726984126985,-125.38500793650793,-134.03269841269844,-121.09491499118167,8.646037817109198,16
0.049367761611938475,0.0020606662894720887,0.0030152320861816405,8.74586685150772e-05,squared_error,,2,5,best,"{'criterion': 'squared_error', 'max_depth': None, 'min_samples_leaf': 2, 'min_samples_split': 5, 'splitter': 'best'}",-164.79435378086413,-140.81442708333333,-159.85528769841272,-183.29810119047625,-194.01433531746034,-168.55530101410938,18.573656758577446,101
0.01058349609375,0.00021555832875953915,0.0028836727142333984,1.3314775805213096e-05,squared_error,,2,5,random,"{'criterion': 'squared_error', 'max_depth': None, 'min_samples_leaf': 2, 'min_samples_split': 5, 'splitter': 'random'}",-113.51532793209877,-158.3698128858025,-171.00349999999997,-141.84873809523813,-121.45608928571431,-141.23869363977073,21.632048167992803,36
0.04465274810791016,0.0024474041639083624,0.0030147552490234373,6.813140358054933e-05,squared_error,,2,10,best,"{'criterion': 'squared_error', 'max_depth': None, 'min_samples_leaf': 2, 'min_samples_split': 10, 'splitter': 'best'}",-164.8074803850938,-125.99754134227767,-161.78497740565268,-167.21139247300508,-166.0271780936184,-157.16571393992953,15.68840576083005,79
0.008522701263427735,0.00017472203619323896,0.0028886318206787108,2.5105555625710756e-05,squared_error,,2,10,random,"{'criterion': 'squared_error', 'max_depth': None, 'min_samples_leaf': 2, 'min_samples_split': 10, 'splitter': 'random'}",-98.67928632758915,-130.44637481567213,-140.55136905553752,-89.13229446572544,-88.9972592893586,-109.56131679077654,21.70351579425173,3
0.04077916145324707,0.0021037866197290184,0.0029295921325683595,2.309861406768966e-05,squared_error,,4,2,best,"{'criterion': 'squared_error', 'max_depth': None, 'min_samples_leaf': 4, 'min_samples_split': 2, 'splitter': 'best'}",-183.26128353174602,-148.25577158919128,-119.64599936669909,-131.85540941528993,-156.1916359912537,-147.84201997883602,21.79448923122965,59
0.008301591873168946,8.267256279689388e-05,0.0028762340545654295,1.0964559140879971e-05,squared_error,,4,2,random,"{'criterion': 'squared_error', 'max_depth': None, 'min_samples_leaf': 4, 'min_samples_split': 2, 'splitter': 'random'}",-129.00016332199547,-126.58776429831192,-113.54970065921606,-105.28130411402657,-98.00954253968251,-114.48569498664651,11.95148834961362,8
0.0407865047454834,0.002070081842172031,0.0029551029205322266,3.606307794990224e-05,squared_error,,4,5,best,"{'criterion': 'squared_error', 'max_depth': None, 'min_samples_leaf': 4, 'min_samples_split': 5, 'splitter': 'best'}",-183.26128353174602,-148.25577158919128,-119.64599936669909,-131.85540941528993,-156.1916359912537,-147.84201997883602,21.79448923122965,59
0.008339023590087891,8.365830381240392e-05,0.0029635906219482424,0.00014612685410652347,squared_error,,4,5,random,"{'criterion': 'squared_error', 'max_depth': None, 'min_samples_leaf': 4, 'min_samples_split': 5, 'splitter': 'random'}",-129.00016332199547,-126.58776429831192,-113.54970065921606,-105.28130411402657,-98.00954253968251,-114.48569498664651,11.95148834961362,8
0.039615201950073245,0.00206538190049966,0.002946805953979492,2.662886852992972e-05,squared_error,,4,10,best,"{'criterion': 'squared_error', 'max_depth': None, 'min_samples_leaf': 4, 'min_samples_split': 10, 'splitter': 'best'}",-165.63871896849014,-151.82293633541897,-119.32125226793362,-132.54480262516645,-175.25140979146425,-148.91582399769467,20.618043622502846,66
0.007769203186035157,0.00026068790795634374,0.0029329776763916014,0.00012725080138116992,squared_error,,4,10,random,"{'criterion': 'squared_error', 'max_depth': None, 'min_samples_leaf': 4, 'min_samples_split': 10, 'splitter': 'random'}",-121.04544729540223,-142.0082771824522,-100.02117208904727,-115.83709184415832,-99.24316755084047,-115.63103119238008,15.731161716219502,12
0.059110832214355466,0.002660999215622523,0.003050422668457031,3.292822119609748e-05,squared_error,10,1,2,best,"{'criterion': 'squared_error', 'max_depth': 10, 'min_samples_leaf': 1, 'min_samples_split': 2, 'splitter': 'best'}",-141.91560956790124,-135.6263213734568,-168.20183421516754,-187.08582738095234,-201.42649603174607,-166.8512177138448,25.31202152792307,98
0.01431431770324707,0.0008193667257931462,0.0029422760009765623,8.36399288897144e-05,squared_error,10,1,2,random,"{'criterion': 'squared_error', 'max_depth': 10, 'min_samples_leaf': 1, 'min_samples_split': 2, 'splitter': 'random'}",-104.11376395712173,-219.70720999202152,-113.1363586005831,-129.39085450468275,-142.48484909620993,-141.7666072301238,41.14812372130222,38
0.05318970680236816,0.0035476017998257846,0.003029346466064453,0.0001074743777562308,squared_error,10,1,5,best,"{'criterion': 'squared_error', 'max_depth': 10, 'min_samples_leaf': 1, 'min_samples_split': 5, 'splitter': 'best'}",-195.5493923611111,-141.53704475308643,-187.25782429453264,-179.86436309523813,-176.4003988095238,-176.12180466269842,18.502065146059977,108
0.011020946502685546,0.0003038474095362676,0.002911663055419922,2.2387796568667558e-05,squared_error,10,1,5,random,"{'criterion': 'squared_error', 'max_depth': 10, 'min_samples_leaf': 1, 'min_samples_split': 5, 'splitter': 'random'}",-107.4743648726852,-216.81526620370371,-134.0128492063492,-141.47168679138318,-114.66442658730159,-142.88771873228455,38.97873928639873,43
0.047036266326904295,0.004224332985223093,0.0029365062713623048,3.2680778306406295e-05,squared_error,10,1,10,best,"{'criterion': 'squared_error', 'max_depth': 10, 'min_samples_leaf': 1, 'min_samples_split': 10, 'splitter': 'best'}",-164.8074803850938,-125.99754134227767,-172.14963605703133,-165.9401689032862,-166.0271780936184,-158.98440095626148,16.6933998575787,85
0.008725500106811524,0.0001936832827341768,0.0028803348541259766,1.6745065439006017e-05,squared_error,10,1,10,random,"{'criterion': 'squared_error', 'max_depth': 10, 'min_samples_leaf': 1, 'min_samples_split': 10, 'splitter': 'random'}",-85.56922876903047,-128.45471232529536,-133.050098707213,-94.98909257792533,-120.64103062452757,-112.54083260079835,18.841580417902694,6
0.050305652618408206,0.001924282767448559,0.0029881477355957033,4.017516480922443e-05,squared_error,10,2,2,best,"{'criterion': 'squared_error', 'max_depth': 10, 'min_samples_leaf': 2, 'min_samples_split': 2, 'splitter': 'best'}",-207.88372685185183,-157.67349729938277,-146.04268253968254,-164.4518452380953,-182.61131150793653,-171.7326126873898,21.614300610929853,103
0.010672712326049804,0.00025678991905900056,0.002899360656738281,2.6328752710122814e-05,squared_error,10,2,2,random,"{'criterion': 'squared_error', 'max_depth': 10, 'min_samples_leaf': 2, 'min_samples_split': 2, 'splitter': 'random'}",-119.57419093364199,-113.84698991769545,-110.00076543209876,-136.55701634920635,-158.41480158730158,-127.67875284398883,17.849599903427233,24
0.049243497848510745,0.002112779836183585,0.0030166149139404298,0.0001201662373475347,squared_error,10,2,5,best,"{'criterion': 'squared_error', 'max_depth': 10, 'min_samples_leaf': 2, 'min_samples_split': 5, 'splitter': 'best'}",-164.79435378086413,-140.81442708333333,-163.49985912698412,-166.10577380952384,-194.01433531746034,-165.84574982363316,16.892084395507357,96
0.01010146141052246,0.0001832481910867394,0.00293426513671875,5.209484689424476e-05,squared_error,10,2,5,random,"{'criterion': 'squared_error', 'max_depth': 10, 'min_samples_leaf': 2, 'min_samples_split': 5, 'splitter': 'random'}",-108.33218230347694,-163.0318121425422,-171.00349999999997,-145.40656953924167,-114.56441865765917,-140.46769652858399,25.17791950368742,34
0.04462456703186035,0.0024704436122501157,0.002986288070678711,6.309775510611705e-05,squared_error,10,2,10,best,"{'criterion': 'squared_error', 'max_depth': 10, 'min_samples_leaf': 2, 'min_samples_split': 10, 'splitter': 'best'}",-164.8074803850938,-125.99754134227767,-161.78497740565268,-167.21139247300508,-166.0271780936184,-157.16571393992953,15.68840576083005,79
0.00864415168762207,0.00017459621588123935,0.0028894901275634765,1.1995653556226266e-05,squared_error,10,2,10,random,"{'criterion': 'squared_error', 'max_depth': 10, 'min_samples_leaf': 2, 'min_samples_split': 10, 'splitter': 'random'}",-102.08539512563694,-137.87584283479077,-140.55136905553752,-89.13229446572544,-89.74733071793003,-111.87844643992415,22.808238324827627,5
0.04081401824951172,0.0020564045506002784,0.0030498504638671875,0.00010986259827798908,squared_error,10,4,2,best,"{'criterion': 'squared_error', 'max_depth': 10, 'min_samples_leaf': 4, 'min_samples_split': 2, 'splitter': 'best'}",-183.26128353174602,-148.25577158919128,-119.64599936669909,-131.85540941528993,-156.1916359912537,-147.84201997883602,21.79448923122965,59
0.008247995376586914,0.00010391348433474437,0.002881956100463867,1.8233893801931383e-05,squared_error,10,4,2,random,"{'criterion': 'squared_error', 'max_depth': 10, 'min_samples_leaf': 4, 'min_samples_split': 2, 'splitter': 'random'}",-143.45086976725875,-126.58776429831192,-113.54970065921606,-105.28130411402657,-98.00954253968251,-117.37583627569916,16.12908766492937,14
0.040795421600341795,0.002098302453710108,0.002933835983276367,4.444843651183661e-05,squared_error,10,4,5,best,"{'criterion': 'squared_error', 'max_depth': 10, 'min_samples_leaf': 4, 'min_samples_split': 5, 'splitter': 'best'}",-183.26128353174602,-148.25577158919128,-119.64599936669909,-131.85540941528993,-156.1916359912537,-147.84201997883602,21.79448923122965,59
0.008237028121948242,0.00010261393833244084,0.002881574630737305,1.2310712799425218e-05,squared_error,10,4,5,random,"{'criterion': 'squared_error', 'max_depth': 10, 'min_samples_leaf': 4, 'min_samples_split': 5, 'splitter': 'random'}",-143.45086976725875,-126.58776429831192,-113.54970065921606,-105.28130411402657,-98.00954253968251,-117.37583627569916,16.12908766492937,14
0.039583778381347655,0.0020001359543541826,0.002986907958984375,7.564086342304214e-05,squared_error,10,4,10,best,"{'criterion': 'squared_error', 'max_depth': 10, 'min_samples_leaf': 4, 'min_samples_split': 10, 'splitter': 'best'}",-165.63871896849014,-151.82293633541897,-119.32125226793362,-132.54480262516645,-175.25140979146425,-148.91582399769467,20.618043622502846,66
0.007684946060180664,0.00011215834373167206,0.0028961181640625,2.2880930546091423e-05,squared_error,10,4,10,random,"{'criterion': 'squared_error', 'max_depth': 10, 'min_samples_leaf': 4, 'min_samples_split': 10, 'splitter': 'random'}",-108.16419044696087,-142.0082771824522,-100.02117208904727,-115.83709184415832,-99.24316755084047,-113.05477982269181,15.688210210798006,7
0.06152844429016113,0.0035986463673753966,0.003013467788696289,0.00011243549211001499,squared_error,20,1,2,best,"{'criterion': 'squared_error', 'max_depth': 20, 'min_samples_leaf': 1, 'min_samples_split': 2, 'splitter': 'best'}",-138.70194444444448,-130.81166666666667,-185.606,-188.45228571428572,-195.0014285714286,-167.7146650793651,27.196637612762338,99
0.01781597137451172,0.00043065609649701005,0.0029369354248046874,2.692192359886962e-05,squared_error,20,1,2,random,"{'criterion': 'squared_error', 'max_depth': 20, 'min_samples_leaf': 1, 'min_samples_split': 2, 'splitter': 'random'}",-112.05944444444447,-212.1361111111111,-137.61314285714283,-111.59685714285715,-164.13514285714282,-147.50813968253968,37.67591563703099,53
0.053681373596191406,0.003762840129070222,0.002980470657348633,5.6315255704668525e-05,squared_error,20,1,5,best,"{'criterion': 'squared_error', 'max_depth': 20, 'min_samples_leaf': 1, 'min_samples_split': 5, 'splitter': 'best'}",-176.9175771604938,-141.53704475308643,-195.32491468253968,-171.78868055555557,-176.4003988095238,-172.39372319223986,17.406084730820687,104
0.011680507659912109,0.00025312084804827615,0.0028935909271240235,1.9551835350567174e-05,squared_error,20,1,5,random,"{'criterion': 'squared_error', 'max_depth': 20, 'min_samples_leaf': 1, 'min_samples_split': 5, 'splitter': 'random'}",-121.2013464506173,-198.25291473765435,-134.0128492063492,-163.3602023809524,-108.16081944444446,-144.99762644400352,32.302286447517496,45
0.04710516929626465,0.004353203021657028,0.0029790401458740234,5.88734601366068e-05,squared_error,20,1,10,best,"{'criterion': 'squared_error', 'max_depth': 20, 'min_samples_leaf': 1, 'min_samples_split': 10, 'splitter': 'best'}",-164.8074803850938,-125.99754134227767,-172.14963605703133,-165.9401689032862,-166.0271780936184,-158.98440095626148,16.6933998575787,85
0.009213638305664063,0.0005161996333956599,0.002933168411254883,5.2938932898799796e-05,squared_error,20,1,10,random,"{'criterion': 'squared_error', 'max_depth': 20, 'min_samples_leaf': 1, 'min_samples_split': 10, 'splitter': 'random'}",-83.69112421006727,-107.4110139069105,-127.66467461550224,-92.49609360526217,-120.64103062452757,-106.38078739245395,16.522864739061834,1
0.05057973861694336,0.0019025904815322835,0.0030121803283691406,5.170858728496789e-05,squared_error,20,2,2,best,"{'criterion': 'squared_error', 'max_depth': 20, 'min_samples_leaf': 2, 'min_samples_split': 2, 'splitter': 'best'}",-207.78104166666668,-156.51579475308645,-172.1019126984127,-161.23135714285718,-181.64834920634922,-175.85569109347443,18.192176798993803,106
0.01124267578125,0.00044279347044596243,0.002908611297607422,2.2655837600187697e-05,squared_error,20,2,2,random,"{'criterion': 'squared_error', 'max_depth': 20, 'min_samples_leaf': 2, 'min_samples_split': 2, 'splitter': 'random'}",-120.0042515432099,-118.34534722222224,-107.70726984126985,-125.38500793650793,-134.03269841269844,-121.09491499118167,8.646037817109198,16
0.049368858337402344,0.002051300361155482,0.003076791763305664,0.0001027726232161659,squared_error,20,2,5,best,"{'criterion': 'squared_error', 'max_depth': 20, 'min_samples_leaf': 2, 'min_samples_split': 5, 'splitter': 'best'}",-164.79435378086413,-140.81442708333333,-159.85528769841272,-183.29810119047625,-194.01433531746034,-168.55530101410938,18.573656758577446,101
0.010572576522827148,0.00020414626720146326,0.002888345718383789,1.1561309996970862e-05,squared_error,20,2,5,random,"{'criterion': 'squared_error', 'max_depth': 20, 'min_samples_leaf': 2, 'min_samples_split': 5, 'splitter': 'random'}",-113.51532793209877,-158.3698128858025,-171.00349999999997,-141.84873809523813,-121.45608928571431,-141.23869363977073,21.632048167992803,36
0.044618749618530275,0.002452596293273796,0.0029765605926513673,0.0001133071448089211,squared_error,20,2,10,best,"{'criterion': 'squared_error', 'max_depth': 20, 'min_samples_leaf': 2, 'min_samples_split': 10, 'splitter': 'best'}",-164.8074803850938,-125.99754134227767,-161.78497740565268,-167.21139247300508,-166.0271780936184,-157.16571393992953,15.68840576083005,79
0.00850672721862793,0.0001635295914686743,0.0029161453247070314,3.5741609024912806e-05,squared_error,20,2,10,random,"{'criterion': 'squared_error', 'max_depth': 20, 'min_samples_leaf': 2, 'min_samples_split': 10, 'splitter': 'random'}",-98.67928632758915,-130.44637481567213,-140.55136905553752,-89.13229446572544,-88.9972592893586,-109.56131679077654,21.70351579425173,3
0.040787363052368165,0.002121323187176931,0.0029610157012939452,6.673073243844219e-05,squared_error,20,4,2,best,"{'criterion': 'squared_error', 'max_depth': 20, 'min_samples_leaf': 4, 'min_samples_split': 2, 'splitter': 'best'}",-183.26128353174602,-148.25577158919128,-119.64599936669909,-131.85540941528993,-156.1916359912537,-147.84201997883602,21.79448923122965,59
0.008316850662231446,8.524344138760988e-05,0.002928018569946289,7.172096901827096e-05,squared_error,20,4,2,random,"{'criterion': 'squared_error', 'max_depth': 20, 'min_samples_leaf': 4, 'min_samples_split': 2, 'splitter': 'random'}",-129.00016332199547,-126.58776429831192,-113.54970065921606,-105.28130411402657,-98.00954253968251,-114.48569498664651,11.95148834961362,8
0.04090485572814941,0.0021407875857386007,0.002966165542602539,7.041013710582872e-05,squared_error,20,4,5,best,"{'criterion': 'squared_error', 'max_depth': 20, 'min_samples_leaf': 4, 'min_samples_split': 5, 'splitter': 'best'}",-183.26128353174602,-148.25577158919128,-119.64599936669909,-131.85540941528993,-156.1916359912537,-147.84201997883602,21.79448923122965,59
0.008296060562133788,8.216755192503354e-05,0.002879476547241211,1.0966839989826242e-05,squared_error,20,4,5,random,"{'criterion': 'squared_error', 'max_depth': 20, 'min_samples_leaf': 4, 'min_samples_split': 5, 'splitter': 'random'}",-129.00016332199547,-126.58776429831192,-113.54970065921606,-105.28130411402657,-98.00954253968251,-114.48569498664651,11.95148834961362,8
0.03962035179138183,0.002057089302633898,0.003015279769897461,4.8441820954748144e-05,squared_error,20,4,10,best,"{'criterion': 'squared_error', 'max_depth': 20, 'min_samples_leaf': 4, 'min_samples_split': 10, 'splitter': 'best'}",-165.63871896849014,-151.82293633541897,-119.32125226793362,-132.54480262516645,-175.25140979146425,-148.91582399769467,20.618043622502846,66
0.007756471633911133,0.00028758115820537493,0.0028847217559814452,3.322621026840183e-05,squared_error,20,4,10,random,"{'criterion': 'squared_error', 'max_depth': 20, 'min_samples_leaf': 4, 'min_samples_split': 10, 'splitter': 'random'}",-121.04544729540223,-142.0082771824522,-100.02117208904727,-115.83709184415832,-99.24316755084047,-115.63103119238008,15.731161716219502,12
0.23991026878356933,0.025236596097389888,0.003055858612060547,3.443094486029887e-05,absolute_error,,1,2,best,"{'criterion': 'absolute_error', 'max_depth': None, 'min_samples_leaf': 1, 'min_samples_split': 2, 'splitter': 'best'}",-128.58138888888888,-142.02638888888887,-139.26571428571432,-183.946,-177.19685714285714,-154.20326984126987,22.096256848310308,76
0.09188981056213379,0.007268054650090249,0.003050994873046875,8.077646793654528e-05,absolute_error,,1,2,random,"{'criterion': 'absolute_error', 'max_depth': None, 'min_samples_leaf': 1, 'min_samples_split': 2, 'splitter': 'random'}",-137.8677777777778,-175.8091666666667,-149.67542857142857,-185.74342857142852,-156.69857142857143,-161.1588746031746,17.396955939859232,92
0.22582459449768066,0.025804709774651064,0.0030414104461669923,3.379278699070367e-05,absolute_error,,1,5,best,"{'criterion': 'absolute_error', 'max_depth': None, 'min_samples_leaf': 1, 'min_samples_split': 5, 'splitter': 'best'}",-121.61027777777775,-110.28909722222222,-140.61835714285715,-233.99071428571432,-217.25199999999998,-164.75208928571428,50.91188122380885,93
0.08455157279968262,0.012355139973559748,0.003041696548461914,0.00010854005748134992,absolute_error,,1,5,random,"{'criterion': 'absolute_error', 'max_depth': None, 'min_samples_leaf': 1, 'min_samples_split': 5, 'splitter': 'random'}",-160.7191666666667,-158.24888888888893,-163.45414285714284,-170.70671428571424,-178.4378571428571,-166.31335396825395,7.359494668378201,97
0.20759639739990235,0.025172025385846716,0.0031380653381347656,0.0001437854991395916,absolute_error,,1,10,best,"{'criterion': 'absolute_error', 'max_depth': None, 'min_samples_leaf': 1, 'min_samples_split': 10, 'splitter': 'best'}",-129.66979166666667,-145.61104166666667,-135.67478571428572,-228.57828571428576,-159.407,-159.78818095238097,35.83793602726938,90
0.06992316246032715,0.006939230994658497,0.003012561798095703,6.333190942940398e-05,absolute_error,,1,10,random,"{'criterion': 'absolute_error', 'max_depth': None, 'min_samples_leaf': 1, 'min_samples_split': 10, 'splitter': 'random'}",-118.33298611111111,-145.73354166666667,-121.762,-165.7567142857143,-181.61314285714286,-146.639676984127,24.53402972151896,49
0.20518808364868163,0.022346375514169244,0.003004789352416992,1.2401433548981431e-05,absolute_error,,2,2,best,"{'criterion': 'absolute_error', 'max_depth': None, 'min_samples_leaf': 2, 'min_samples_split': 2, 'splitter': 'best'}",-109.74763888888886,-115.0376388888889,-135.9407857142857,-189.14007142857145,-218.3002857142857,-153.63328412698414,42.82791432737397,74
0.06138997077941895,0.00884355864372381,0.003033447265625,0.00012275518578482342,absolute_error,,2,2,random,"{'criterion': 'absolute_error', 'max_depth': None, 'min_samples_leaf': 2, 'min_samples_split': 2, 'splitter': 'random'}",-172.36020833333333,-173.25215277777775,-159.6724285714286,-130.29435714285708,-160.32435714285714,-159.1807007936508,15.541401323525545,88
0.20348334312438965,0.02207603531610031,0.0031154632568359377,0.00011092337211356476,absolute_error,,2,5,best,"{'criterion': 'absolute_error', 'max_depth': None, 'min_samples_leaf': 2, 'min_samples_split': 5, 'splitter': 'best'}",-108.71458333333332,-109.19340277777778,-134.32135714285715,-188.47628571428572,-193.11914285714286,-146.76495436507935,37.15599894994276,51
0.06322336196899414,0.007680117255878946,0.003001976013183594,7.5018230689896e-05,absolute_error,,2,5,random,"{'criterion': 'absolute_error', 'max_depth': None, 'min_samples_leaf': 2, 'min_samples_split': 5, 'splitter': 'random'}",-105.15916666666665,-160.33152777777778,-118.16178571428573,-127.3300714285714,-99.89142857142856,-122.17479603174601,21.37614278500717,18
0.19131021499633788,0.022281336982422666,0.003135347366333008,0.00013574219789865165,absolute_error,,2,10,best,"{'criterion': 'absolute_error', 'max_depth': None, 'min_samples_leaf': 2, 'min_samples_split': 10, 'splitter': 'best'}",-113.26604166666667,-131.545,-137.6614285714286,-155.9764285714286,-175.89135714285712,-142.8680511904762,21.41946623421347,41
0.054767608642578125,0.0030713613012776355,0.002962350845336914,3.974431277603403e-05,absolute_error,,2,10,random,"{'criterion': 'absolute_error', 'max_depth': None, 'min_samples_leaf': 2, 'min_samples_split': 10, 'splitter': 'random'}",-84.32270833333335,-155.91770833333334,-162.90928571428572,-93.51292857142857,-130.60878571428574,-125.45428333333334,31.841868559773616,22
0.16986360549926757,0.01721072244395134,0.003088712692260742,8.484713960871623e-05,absolute_error,,4,2,best,"{'criterion': 'absolute_error', 'max_depth': None, 'min_samples_leaf': 4, 'min_samples_split': 2, 'splitter': 'best'}",-111.36902777777777,-155.99993055555558,-164.43157142857146,-119.7985,-187.36292857142857,-147.79239166666667,28.356208478286426,55
0.044683980941772464,0.009182790723129447,0.0029975414276123048,5.938826385569214e-05,absolute_error,,4,2,random,"{'criterion': 'absolute_error', 'max_depth': None, 'min_samples_leaf': 4, 'min_samples_split': 2, 'splitter': 'random'}",-90.57666666666667,-148.63333333333333,-162.7617142857143,-132.95464285714286,-164.48314285714287,-139.8819,27.145119498099056,30
0.1701441764831543,0.017285892233042752,0.003026914596557617,3.663940518255454e-05,absolute_error,,4,5,best,"{'criterion': 'absolute_error', 'max_depth': None, 'min_samples_leaf': 4, 'min_samples_split': 5, 'splitter': 'best'}",-111.36902777777777,-155.99993055555558,-164.43157142857146,-119.7985,-187.36292857142857,-147.79239166666667,28.356208478286426,55
0.04491438865661621,0.009204364078086185,0.002975177764892578,4.318823412354901e-05,absolute_error,,4,5,random,"{'criterion': 'absolute_error', 'max_depth': None, 'min_samples_leaf': 4, 'min_samples_split': 5, 'splitter': 'random'}",-90.57666666666667,-148.63333333333333,-162.7617142857143,-132.95464285714286,-164.48314285714287,-139.8819,27.145119498099056,30
0.16711955070495604,0.01760500784618727,0.003165531158447266,0.00015001015075440203,absolute_error,,4,10,best,"{'criterion': 'absolute_error', 'max_depth': None, 'min_samples_leaf': 4, 'min_samples_split': 10, 'splitter': 'best'}",-106.44437500000001,-154.2076388888889,-155.22564285714287,-124.11621428571432,-173.7847142857143,-142.7557170634921,24.147003365492562,39
0.04424862861633301,0.009866775180529261,0.003010082244873047,4.0377831756363156e-05,absolute_error,,4,10,random,"{'criterion': 'absolute_error', 'max_depth': None, 'min_samples_leaf': 4, 'min_samples_split': 10, 'splitter': 'random'}",-94.22826388888889,-172.73729166666664,-145.77785714285716,-147.35457142857143,-95.8767142857143,-131.19493968253968,31.027324578857055,25
0.21948637962341308,0.017271879241824134,0.0031563282012939454,0.00016616072081743178,absolute_error,10,1,2,best,"{'criterion': 'absolute_error', 'max_depth': 10, 'min_samples_leaf': 1, 'min_samples_split': 2, 'splitter': 'best'}",-134.5654166666667,-127.29805555555552,-132.99528571428573,-188.1655,-173.7525,-151.35535158730158,24.715852034858212,71
0.07801408767700195,0.0029436411808490834,0.0030767440795898436,0.00012736858733589267,absolute_error,10,1,2,random,"{'criterion': 'absolute_error', 'max_depth': 10, 'min_samples_leaf': 1, 'min_samples_split': 2, 'splitter': 'random'}",-117.89222222222224,-162.38923611111113,-175.745,-120.99921428571429,-180.2597142857143,-151.4570773809524,26.80779027996371,72
0.211264705657959,0.019491549674591747,0.0030869007110595702,9.406942133423567e-05,absolute_error,10,1,5,best,"{'criterion': 'absolute_error', 'max_depth': 10, 'min_samples_leaf': 1, 'min_samples_split': 5, 'splitter': 'best'}",-115.4816666666667,-113.72909722222222,-134.25035714285713,-202.7044285714286,-191.8332142857143,-151.5997527777778,38.13167590945601,73
0.0710184097290039,0.0033773464217235023,0.0029623985290527345,4.1869017875742534e-05,absolute_error,10,1,5,random,"{'criterion': 'absolute_error', 'max_depth': 10, 'min_samples_leaf': 1, 'min_samples_split': 5, 'splitter': 'random'}",-127.09909722222226,-127.35791666666667,-149.88221428571433,-170.0205714285714,-205.3187857142857,-155.93571706349206,29.400533352732783,78
0.19944124221801757,0.021204509396765853,0.0030344486236572265,8.821830227351519e-05,absolute_error,10,1,10,best,"{'criterion': 'absolute_error', 'max_depth': 10, 'min_samples_leaf': 1, 'min_samples_split': 10, 'splitter': 'best'}",-126.06715277777776,-130.5526388888889,-135.82585714285716,-194.24257142857144,-159.407,-149.21904404761906,25.27739967123727,69
0.06439332962036133,0.0033109049011480103,0.0030440330505371095,0.00010782621985305646,absolute_error,10,1,10,random,"{'criterion': 'absolute_error', 'max_depth': 10, 'min_samples_leaf': 1, 'min_samples_split': 10, 'splitter': 'random'}",-108.8595138888889,-133.42277777777775,-141.6816428571429,-165.7567142857143,-201.38192857142857,-150.22051547619049,31.383665984216726,70
0.19810724258422852,0.016866782160736997,0.003079986572265625,0.0001044321929987364,absolute_error,10,2,2,best,"{'criterion': 'absolute_error', 'max_depth': 10, 'min_samples_leaf': 2, 'min_samples_split': 2, 'splitter': 'best'}",-103.17874999999998,-137.244375,-133.14700000000002,-196.118,-218.99764285714286,-157.73715357142856,42.958551992835176,82
0.05822820663452148,0.004039496313520957,0.003119945526123047,7.62909650220513e-05,absolute_error,10,2,2,random,"{'criterion': 'absolute_error', 'max_depth': 10, 'min_samples_leaf': 2, 'min_samples_split': 2, 'splitter': 'random'}",-119.09027777777776,-182.55069444444447,-152.0376428571429,-129.0370714285714,-159.19371428571426,-148.38188015873016,22.49438962336343,65
0.1963623046875,0.01686875822395738,0.003101062774658203,9.620588795395736e-05,absolute_error,10,2,5,best,"{'criterion': 'absolute_error', 'max_depth': 10, 'min_samples_leaf': 2, 'min_samples_split': 5, 'splitter': 'best'}",-122.41138888888888,-151.69465277777778,-136.90635714285713,-192.7697142857143,-187.0551428571428,-158.16745119047619,27.583482636710702,83
0.05822629928588867,0.00452131631196222,0.003093910217285156,0.00013030777419430805,absolute_error,10,2,5,random,"{'criterion': 'absolute_error', 'max_depth': 10, 'min_samples_leaf': 2, 'min_samples_split': 5, 'splitter': 'random'}",-108.79034722222225,-145.15125,-139.4872857142857,-125.10571428571428,-99.89142857142856,-123.68520515873017,17.32348275853729,20
0.1865769386291504,0.01808099855354551,0.0030583858489990233,4.6730868663084485e-05,absolute_error,10,2,10,best,"{'criterion': 'absolute_error', 'max_depth': 10, 'min_samples_leaf': 2, 'min_samples_split': 10, 'splitter': 'best'}",-114.89250000000003,-131.26375000000002,-137.4472142857143,-158.79585714285716,-175.89135714285712,-143.65813571428572,21.3906022074448,44
0.054645442962646486,0.0034292561476174425,0.003155517578125,0.00014283819242259476,absolute_error,10,2,10,random,"{'criterion': 'absolute_error', 'max_depth': 10, 'min_samples_leaf': 2, 'min_samples_split': 10, 'splitter': 'random'}",-115.94125000000003,-152.68256944444445,-172.63700000000003,-93.51292857142857,-130.60878571428574,-133.07650674603178,27.62033203946775,27
0.16892485618591307,0.016238781740427175,0.003166341781616211,0.00015430936699597933,absolute_error,10,4,2,best,"{'criterion': 'absolute_error', 'max_depth': 10, 'min_samples_leaf': 4, 'min_samples_split': 2, 'splitter': 'best'}",-107.38340277777777,-156.75493055555557,-160.82364285714286,-119.7985,-187.36292857142857,-146.42468095238095,29.062550447380946,47
0.0434877872467041,0.00723652114936046,0.0030975818634033205,0.0001463000123328443,absolute_error,10,4,2,random,"{'criterion': 'absolute_error', 'max_depth': 10, 'min_samples_leaf': 4, 'min_samples_split': 2, 'splitter': 'random'}",-124.41409722222225,-148.63333333333333,-124.81542857142857,-132.95464285714286,-164.48314285714287,-139.060128968254,15.444549672711531,28
0.16878037452697753,0.016325223145849364,0.00308990478515625,9.012789935445731e-05,absolute_error,10,4,5,best,"{'criterion': 'absolute_error', 'max_depth': 10, 'min_samples_leaf': 4, 'min_samples_split': 5, 'splitter': 'best'}",-107.38340277777777,-156.75493055555557,-160.82364285714286,-119.7985,-187.36292857142857,-146.42468095238095,29.062550447380946,47
0.043406200408935544,0.007264461386464708,0.0029802322387695312,6.8325290740181e-05,absolute_error,10,4,5,random,"{'criterion': 'absolute_error', 'max_depth': 10, 'min_samples_leaf': 4, 'min_samples_split': 5, 'splitter': 'random'}",-124.41409722222225,-148.63333333333333,-124.81542857142857,-132.95464285714286,-164.48314285714287,-139.060128968254,15.444549672711531,28
0.16630454063415528,0.016948849352781927,0.003029918670654297,7.612621227461605e-05,absolute_error,10,4,10,best,"{'criterion': 'absolute_error', 'max_depth': 10, 'min_samples_leaf': 4, 'min_samples_split': 10, 'splitter': 'best'}",-102.76798611111111,-154.39597222222224,-150.216,-124.11621428571432,-173.7847142857143,-141.0561773809524,24.84333932920422,35
0.04226689338684082,0.006808178569006892,0.002981138229370117,5.8234566425923355e-05,absolute_error,10,4,10,random,"{'criterion': 'absolute_error', 'max_depth': 10, 'min_samples_leaf': 4, 'min_samples_split': 10, 'splitter': 'random'}",-90.14722222222224,-172.73729166666664,-118.05950000000001,-147.35457142857143,-95.8767142857143,-124.83505992063492,31.271368000609357,21
0.24006099700927735,0.025068652786489048,0.003084611892700195,8.188036861056042e-05,absolute_error,20,1,2,best,"{'criterion': 'absolute_error', 'max_depth': 20, 'min_samples_leaf': 1, 'min_samples_split': 2, 'splitter': 'best'}",-128.58138888888888,-142.02638888888887,-139.26571428571432,-183.946,-177.19685714285714,-154.20326984126987,22.096256848310308,76
0.09279770851135254,0.008990123085809048,0.002973127365112305,4.0356146000878926e-05,absolute_error,20,1,2,random,"{'criterion': 'absolute_error', 'max_depth': 20, 'min_samples_leaf': 1, 'min_samples_split': 2, 'splitter': 'random'}",-125.98833333333336,-175.8091666666667,-149.67542857142857,-185.74342857142852,-156.69857142857143,-158.7829857142857,20.878399946781773,84
0.22569832801818848,0.025671950144656258,0.0031260013580322265,8.250765584531087e-05,absolute_error,20,1,5,best,"{'criterion': 'absolute_error', 'max_depth': 20, 'min_samples_leaf': 1, 'min_samples_split': 5, 'splitter': 'best'}",-121.61027777777775,-110.28909722222222,-140.61835714285715,-233.99071428571432,-217.25199999999998,-164.75208928571428,50.91188122380885,93
0.08358645439147949,0.010813187113422933,0.0030510425567626953,0.0002049567918809648,absolute_error,20,1,5,random,"{'criterion': 'absolute_error', 'max_depth': 20, 'min_samples_leaf': 1, 'min_samples_split': 5, 'splitter': 'random'}",-157.4490972222222,-158.24888888888893,-163.45414285714284,-170.70671428571424,-178.4378571428571,-165.65934007936508,7.949242154186362,95
0.20765485763549804,0.025143360334514964,0.002998161315917969,3.063596175153623e-05,absolute_error,20,1,10,best,"{'criterion': 'absolute_error', 'max_depth': 20, 'min_samples_leaf': 1, 'min_samples_split': 10, 'splitter': 'best'}",-129.66979166666667,-145.61104166666667,-135.67478571428572,-228.57828571428576,-159.407,-159.78818095238097,35.83793602726938,90
0.06998481750488281,0.007014280507547467,0.003017282485961914,5.485173712249731e-05,absolute_error,20,1,10,random,"{'criterion': 'absolute_error', 'max_depth': 20, 'min_samples_leaf': 1, 'min_samples_split': 10, 'splitter': 'random'}",-118.33298611111111,-145.73354166666667,-121.762,-165.7567142857143,-181.61314285714286,-146.639676984127,24.53402972151896,49
0.20532989501953125,0.022171327157846917,0.0030261993408203123,5.160457653256827e-05,absolute_error,20,2,2,best,"{'criterion': 'absolute_error', 'max_depth': 20, 'min_samples_leaf': 2, 'min_samples_split': 2, 'splitter': 'best'}",-109.74763888888886,-115.0376388888889,-135.9407857142857,-189.14007142857145,-218.3002857142857,-153.63328412698414,42.82791432737397,74
0.06135029792785644,0.008876472097657961,0.0030115127563476564,8.285961855166978e-05,absolute_error,20,2,2,random,"{'criterion': 'absolute_error', 'max_depth': 20, 'min_samples_leaf': 2, 'min_samples_split': 2, 'splitter': 'random'}",-172.36020833333333,-173.25215277777775,-159.6724285714286,-130.29435714285708,-160.32435714285714,-159.1807007936508,15.541401323525545,88
0.2035700798034668,0.022050294427480382,0.003028106689453125,6.336184455080693e-05,absolute_error,20,2,5,best,"{'criterion': 'absolute_error', 'max_depth': 20, 'min_samples_leaf': 2, 'min_samples_split': 5, 'splitter': 'best'}",-108.71458333333332,-109.19340277777778,-134.32135714285715,-188.47628571428572,-193.11914285714286,-146.76495436507935,37.15599894994276,51
0.06318984031677247,0.007640816781766969,0.0030072212219238283,4.391807425610111e-05,absolute_error,20,2,5,random,"{'criterion': 'absolute_error', 'max_depth': 20, 'min_samples_leaf': 2, 'min_samples_split': 5, 'splitter': 'random'}",-105.15916666666665,-160.33152777777778,-118.16178571428573,-127.3300714285714,-99.89142857142856,-122.17479603174601,21.37614278500717,18
0.19109501838684081,0.0222235849219725,0.0030226707458496094,6.507560760477152e-05,absolute_error,20,2,10,best,"{'criterion': 'absolute_error', 'max_depth': 20, 'min_samples_leaf': 2, 'min_samples_split': 10, 'splitter': 'best'}",-113.26604166666667,-131.545,-137.6614285714286,-155.9764285714286,-175.89135714285712,-142.8680511904762,21.41946623421347,41
0.05484299659729004,0.0031712924439021004,0.002951908111572266,5.3898927020698294e-05,absolute_error,20,2,10,random,"{'criterion': 'absolute_error', 'max_depth': 20, 'min_samples_leaf': 2, 'min_samples_split': 10, 'splitter': 'random'}",-84.32270833333335,-155.91770833333334,-162.90928571428572,-93.51292857142857,-130.60878571428574,-125.45428333333334,31.841868559773616,22
0.1699275016784668,0.017194289131253468,0.0030236244201660156,0.00011643627230955867,absolute_error,20,4,2,best,"{'criterion': 'absolute_error', 'max_depth': 20, 'min_samples_leaf': 4, 'min_samples_split': 2, 'splitter': 'best'}",-111.36902777777777,-155.99993055555558,-164.43157142857146,-119.7985,-187.36292857142857,-147.79239166666667,28.356208478286426,55
0.044773435592651366,0.009282572628884177,0.002968883514404297,5.429385227695538e-05,absolute_error,20,4,2,random,"{'criterion': 'absolute_error', 'max_depth': 20, 'min_samples_leaf': 4, 'min_samples_split': 2, 'splitter': 'random'}",-90.57666666666667,-148.63333333333333,-162.7617142857143,-132.95464285714286,-164.48314285714287,-139.8819,27.145119498099056,30
0.16981954574584962,0.01725060724429056,0.0029906272888183595,4.507627181695861e-05,absolute_error,20,4,5,best,"{'criterion': 'absolute_error', 'max_depth': 20, 'min_samples_leaf': 4, 'min_samples_split': 5, 'splitter': 'best'}",-111.36902777777777,-155.99993055555558,-164.43157142857146,-119.7985,-187.36292857142857,-147.79239166666667,28.356208478286426,55
0.04483628273010254,0.009329500118615918,0.0030157089233398436,9.618745161232044e-05,absolute_error,20,4,5,random,"{'criterion': 'absolute_error', 'max_depth': 20, 'min_samples_leaf': 4, 'min_samples_split': 5, 'splitter': 'random'}",-90.57666666666667,-148.63333333333333,-162.7617142857143,-132.95464285714286,-164.48314285714287,-139.8819,27.145119498099056,30
0.16717987060546874,0.01728939007625544,0.0030505180358886717,0.0001324093077324477,absolute_error,20,4,10,best,"{'criterion': 'absolute_error', 'max_depth': 20, 'min_samples_leaf': 4, 'min_samples_split': 10, 'splitter': 'best'}",-106.44437500000001,-154.2076388888889,-155.22564285714287,-124.11621428571432,-173.7847142857143,-142.7557170634921,24.147003365492562,39
0.04433732032775879,0.00998784893779718,0.0029141902923583984,4.2592263024213996e-05,absolute_error,20,4,10,random,"{'criterion': 'absolute_error', 'max_depth': 20, 'min_samples_leaf': 4, 'min_samples_split': 10, 'splitter': 'random'}",-94.22826388888889,-172.73729166666664,-145.77785714285716,-147.35457142857143,-95.8767142857143,-131.19493968253968,31.027324578857055,25
