1757077547215 -51361.24067271247 0
1757077609133 -55761.082616749874 0
1757077638547 -55761.082616749874 0
1757077680405 -53901.55139963779 0
1757078212372 -53901.55139963779 0
1757078242567 -53901.55139963779 0
1757078259835 -53901.55139963779 0
1757078289280 -53901.55139963779 0
1757078596133 -53901.55139963779 0
1757078624425 -53901.55139963779 0
1757078631731 -53901.55139963779 0
1757078661836 -53901.55139963779 0
1757079253163 -53901.55139963779 0
1757079355530 -53901.55139963779 0
1757079372135 -53901.55139963779 0
1757079497470 -53901.55139963779 0
1757080660343 -53901.55139963779 0
1757080690501 -53901.55139963779 0
1757080713107 -53901.55139963779 0
1757080813830 -53901.55139963779 0
1757083108853 -53901.55139963779 0
1757083657206 -53901.55139963779 0
1757083691096 -53901.55139963779 0
1757084120415 -53901.55139963779 0
1757085907268 -53901.55139963779 0
1757085927108 -53807.725534759345 0
1757085941416 -53807.725534759345 0
1757085959585 -53807.725534759345 0
1757086648260 -53807.725534759345 0
1757086765866 -53807.725534759345 0
1757086801578 -53807.725534759345 0
1757086931248 -53807.725534759345 0
