1757077547215 31.05705592023365 0
1757077609133 28.13661484284868 0
1757077638547 28.13661484284868 0
1757077680405 7.149410048678032 0
1757078212372 7.149410048678032 0
1757078242567 7.149410048678032 0
1757078259835 7.149410048678032 0
1757078289280 7.149410048678032 0
1757078596133 7.149410048678032 0
1757078624425 7.149410048678032 0
1757078631731 7.149410048678032 0
1757078661836 7.149410048678032 0
1757079253163 7.149410048678032 0
1757079355530 7.149410048678032 0
1757079372135 7.149410048678032 0
1757079497470 7.149410048678032 0
1757080660343 7.149410048678032 0
1757080690501 7.149410048678032 0
1757080713107 7.149410048678032 0
1757080813830 7.149410048678032 0
1757083108853 7.149410048678032 0
1757083657206 7.149410048678032 0
1757083691096 7.149410048678032 0
1757084120415 7.149410048678032 0
1757085907268 7.149410048678032 0
1757085927108 6.458498737350331 0
1757085941416 6.458498737350331 0
1757085959585 6.458498737350331 0
1757086648260 6.458498737350331 0
1757086765866 6.458498737350331 0
1757086801578 6.458498737350331 0
1757086931248 6.458498737350331 0
