1757077547215 26546.593299770473 0
1757077609133 52270.37055638546 0
1757077638547 52270.37055638546 0
1757077680405 54522.70437409676 0
1757078212372 54522.70437409676 0
1757078242567 54522.70437409676 0
1757078259835 54522.70437409676 0
1757078289280 54522.70437409676 0
1757078596133 54522.70437409676 0
1757078624425 54522.70437409676 0
1757078631731 54522.70437409676 0
1757078661836 54522.70437409676 0
1757079253163 54522.70437409676 0
1757079355530 54522.70437409676 0
1757079372135 54522.70437409676 0
1757079497470 54522.70437409676 0
1757080660343 54522.70437409676 0
1757080690501 54522.70437409676 0
1757080713107 54522.70437409676 0
1757080813830 54522.70437409676 0
1757083108853 54522.70437409676 0
1757083657206 54522.70437409676 0
1757083691096 54522.70437409676 0
1757084120415 54522.70437409676 0
1757085907268 54522.70437409676 0
