1757077711162 33.514651136351425 0
1757077767143 29.945963207328898 0
1757077797443 29.945963207328898 0
1757077838204 10.169030440836016 0
1757078304388 10.169030440836016 0
1757078330773 10.169030440836016 0
1757078346064 10.169030440836016 0
1757078373066 10.169030440836016 0
1757078669644 10.169030440836016 0
1757078693980 10.169030440836016 0
1757078701343 10.169030440836016 0
1757078728054 10.169030440836016 0
1757079517008 10.169030440836016 0
1757079610953 10.169030440836016 0
1757079627617 10.169030440836016 0
1757079734759 10.169030440836016 0
1757080856630 10.169030440836016 0
1757080951448 10.169030440836016 0
1757081005439 10.169030440836016 0
1757081082473 10.169030440836016 0
1757084156092 10.169030440836016 0
1757084584138 10.169030440836016 0
1757084613356 10.169030440836016 0
1757085050091 10.169030440836016 0
1757085973315 10.169030440836016 0
1757085987685 10.169030440836016 0
1757086002863 10.169030440836016 0
1757086020603 10.169030440836016 0
1757086966852 10.169030440836016 0
1757087048384 10.169030440836016 0
1757087074810 10.169030440836016 0
1757087176682 10.169030440836016 0
