1756553159038 6.8051579660974655 0
1756553224522 6.8051579660974655 0
1756553251394 6.8051579660974655 0
1756553279875 6.14095708603886 0
1756553659057 5.871882499999996 0
1756553688324 5.755106472550613 0
1756553704936 5.755106472550613 0
1756553733765 5.755106472550613 0
1756554050424 5.755106472550613 0
1756554079187 5.755106472550613 0
1756554086411 5.755106472550613 0
1756554117508 5.755106472550613 0
1756555327628 5.755106472550613 0
1756555440765 5.755106472550613 0
1756555458246 5.755106472550613 0
1756555589210 5.755106472550613 0
1756556734222 5.755106472550613 0
1756556790157 5.755106472550613 0
1756556850602 5.755106472550613 0
1756556998864 5.755106472550613 0
1756561211338 5.755106472550613 0
1756561708775 5.755106472550613 0
1756561744368 5.755106472550613 0
1756562127924 5.755106472550613 0
1756562396365 5.755106472550613 0
1756562411486 5.755106472550613 0
1756562424683 5.755106472550613 0
1756562439953 5.755106472550613 0
1756563734871 5.755106472550613 0
1756563826518 5.755106472550613 0
1756563851747 5.755106472550613 0
1756563956764 5.755106472550613 0
