1756553159038 8.891893734935183 0
1756553224522 8.891893734935183 0
1756553251394 8.891893734935183 0
1756553279875 8.015094577338525 0
1756553659057 7.748380307861121 0
1756553688324 7.560204878668768 0
1756553704936 7.560204878668768 0
1756553733765 7.560204878668768 0
1756554050424 7.560204878668768 0
1756554079187 7.560204878668768 0
1756554086411 7.560204878668768 0
1756554117508 7.560204878668768 0
1756555327628 7.560204878668768 0
1756555440765 7.560204878668768 0
1756555458246 7.560204878668768 0
1756555589210 7.560204878668768 0
1756556734222 7.560204878668768 0
1756556790157 7.560204878668768 0
1756556850602 7.560204878668768 0
1756556998864 7.560204878668768 0
1756561211338 7.560204878668768 0
1756561708775 7.560204878668768 0
1756561744368 7.560204878668768 0
1756562127924 7.560204878668768 0
1756562396365 7.560204878668768 0
1756562411486 7.560204878668768 0
1756562424683 7.560204878668768 0
1756562439953 7.560204878668768 0
1756563734871 7.560204878668768 0
1756563826518 7.560204878668768 0
1756563851747 7.560204878668768 0
1756563956764 7.560204878668768 0
