1756553159038 -24.346450481588334 0
1756553224522 -24.346450481588334 0
1756553251394 -24.346450481588334 0
1756553279875 -47.34402359484139 0
1756553659057 -22.571982003584935 0
1756553688324 -22.907286098677034 0
1756553704936 -22.907286098677034 0
1756553733765 -22.907286098677034 0
1756554050424 -22.907286098677034 0
1756554079187 -22.907286098677034 0
1756554086411 -22.907286098677034 0
1756554117508 -22.907286098677034 0
1756555327628 -22.907286098677034 0
1756555440765 -22.907286098677034 0
1756555458246 -22.907286098677034 0
1756555589210 -22.907286098677034 0
1756556734222 -22.907286098677034 0
1756556790157 -22.907286098677034 0
1756556850602 -22.907286098677034 0
1756556998864 -22.907286098677034 0
1756561211338 -22.907286098677034 0
1756561708775 -22.907286098677034 0
1756561744368 -22.907286098677034 0
1756562127924 -22.907286098677034 0
1756562396365 -22.907286098677034 0
1756562411486 -22.907286098677034 0
1756562424683 -22.907286098677034 0
1756562439953 -22.907286098677034 0
1756563734871 -22.907286098677034 0
1756563826518 -22.907286098677034 0
1756563851747 -22.907286098677034 0
1756563956764 -22.907286098677034 0
