1756911577896 1.4436005378052859 0
1756911646031 1.5839394236592519 0
1756911676218 1.5839394236592519 0
1756911697975 1.5839394236592519 0
1756912206907 1.5839394236592519 0
1756912233405 1.5839394236592519 0
1756912248827 1.5839394236592519 0
1756912277388 1.5839394236592519 0
1756912657281 1.5839394236592519 0
1756912684266 1.5839394236592519 0
1756912691569 1.5839394236592519 0
1756912719839 1.5839394236592519 0
1756913037383 1.5839394236592519 0
1756913152715 1.5839394236592519 0
1756913171131 1.5839394236592519 0
1756913300718 1.5839394236592519 0
