1756911577896 0.1752914742615752 0
1756911646031 0.007150204604734589 0
1756911676218 0.007150204604734589 0
1756911697975 0.007150204604734589 0
1756912206907 0.007150204604734589 0
1756912233405 0.007150204604734589 0
1756912248827 0.007150204604734589 0
1756912277388 0.007150204604734589 0
1756912657281 0.007150204604734589 0
1756912684266 0.007150204604734589 0
1756912691569 0.007150204604734589 0
1756912719839 0.007150204604734589 0
1756913037383 0.007150204604734589 0
1756913152715 0.007150204604734589 0
1756913171131 0.007150204604734589 0
1756913300718 0.007150204604734589 0
