1756552708698 8.751930259614966 0
1756552775301 8.751930259614966 0
1756552801703 8.751930259614966 0
1756552832738 8.751930259614966 0
1756553384532 8.751930259614966 0
1756553414498 8.751930259614966 0
1756553430210 8.751930259614966 0
1756553459418 8.751930259614966 0
1756553813315 8.751930259614966 0
1756553843632 8.751930259614966 0
1756553850389 8.751930259614966 0
1756553882316 8.751930259614966 0
1756554392250 8.751930259614966 0
1756554520519 8.751930259614966 0
1756554536194 8.751930259614966 0
1756554681551 8.751930259614966 0
