1756552708698 6.541227219863357 0
1756552775301 6.541227219863357 0
1756552801703 6.541227219863357 0
1756552832738 6.541227219863357 0
1756553384532 6.541227219863357 0
1756553414498 6.541227219863357 0
1756553430210 6.541227219863357 0
1756553459418 6.541227219863357 0
1756553813315 6.541227219863357 0
1756553843632 6.541227219863357 0
1756553850389 6.541227219863357 0
1756553882316 6.541227219863357 0
1756554392250 6.541227219863357 0
1756554520519 6.541227219863357 0
1756554536194 6.541227219863357 0
1756554681551 6.541227219863357 0
