1756552708698 -0.0045804156499349435 0
1756552775301 -0.0045804156499349435 0
1756552801703 -0.0045804156499349435 0
1756552832738 -0.0045804156499349435 0
1756553384532 -0.0045804156499349435 0
1756553414498 -0.0045804156499349435 0
1756553430210 -0.0045804156499349435 0
1756553459418 -0.0045804156499349435 0
1756553813315 -0.0045804156499349435 0
1756553843632 -0.0045804156499349435 0
1756553850389 -0.0045804156499349435 0
1756553882316 -0.0045804156499349435 0
1756554392250 -0.0045804156499349435 0
1756554520519 -0.0045804156499349435 0
1756554536194 -0.0045804156499349435 0
1756554681551 -0.0045804156499349435 0
