1756911977776 1.6668071829037503 0
1756912034951 1.6668071829037503 0
1756912057783 1.6668071829037503 0
1756912077031 2.030030880460021 0
1756912481758 2.030030880460021 0
1756912510213 2.030030880460021 0
1756912527747 2.030030880460021 0
1756912556748 2.030030880460021 0
1756912879441 2.030030880460021 0
1756912906297 2.030030880460021 0
1756912913894 2.030030880460021 0
1756912942833 2.030030880460021 0
1756913885967 2.030030880460021 0
1756913999425 1.5824918629750668 0
1756914015451 1.5824918629750668 0
1756914146711 1.5824918629750668 0
1756914989301 1.5824918629750668 0
1756915014903 1.5824918629750668 0
1756915071720 1.5824918629750668 0
1756915130374 1.5824918629750668 0
1756917980191 1.5824918629750668 0
1756918264159 1.5824918629750668 0
1756918296751 1.5824918629750668 0
1756918725062 1.5824918629750668 0
1756919807924 1.5824918629750668 0
