1756911977776 -2.778246184979536 0
1756912034951 -2.778246184979536 0
1756912057783 -2.778246184979536 0
1756912077031 -4.121025375621287 0
1756912481758 -4.121025375621287 0
1756912510213 -4.121025375621287 0
1756912527747 -4.121025375621287 0
1756912556748 -4.121025375621287 0
1756912879441 -4.121025375621287 0
1756912906297 -4.121025375621287 0
1756912913894 -4.121025375621287 0
1756912942833 -4.121025375621287 0
1756913885967 -4.121025375621287 0
1756913999425 -2.504280496382298 0
1756914015451 -2.504280496382298 0
1756914146711 -2.504280496382298 0
1756914989301 -2.504280496382298 0
1756915014903 -2.504280496382298 0
1756915071720 -2.504280496382298 0
1756915130374 -2.504280496382298 0
1756917980191 -2.504280496382298 0
1756918264159 -2.504280496382298 0
1756918296751 -2.504280496382298 0
1756918725062 -2.504280496382298 0
1756919807924 -2.504280496382298 0
