1756911977776 1.012049986320756 0
1756912034951 1.012049986320756 0
1756912057783 1.012049986320756 0
1756912077031 1.1562879768280534 0
1756912481758 1.1562879768280534 0
1756912510213 1.1562879768280534 0
1756912527747 1.1562879768280534 0
1756912556748 1.1562879768280534 0
1756912879441 1.1562879768280534 0
1756912906297 1.1562879768280534 0
1756912913894 1.1562879768280534 0
1756912942833 1.1562879768280534 0
1756913885967 1.1562879768280534 0
1756913999425 0.8812481343822114 0
1756914015451 0.8812481343822114 0
1756914146711 0.8812481343822114 0
1756914989301 0.8812481343822114 0
1756915014903 0.8812481343822114 0
1756915071720 0.8812481343822114 0
1756915130374 0.8812481343822114 0
1756917980191 0.8812481343822114 0
1756918264159 0.8812481343822114 0
1756918296751 0.8812481343822114 0
1756918725062 0.8812481343822114 0
1756919807924 0.8812481343822114 0
