1755900730859 5.743942944259081 0
1755901205101 5.743942944259081 0
1755901347764 5.743942944259081 0
1755903125325 5.743942944259081 0
1755909182193 5.743942944259081 0
1755910063995 5.743942944259081 0
1755910123561 5.743942944259081 0
1755910815490 5.743942944259081 0
1755914459521 5.49888888888889 0
1755914481393 5.49888888888889 0
1755914503101 5.49888888888889 0
1755914530625 5.49888888888889 0
1755916783799 5.49888888888889 0
1755917048895 5.49888888888889 0
1755917086313 5.49888888888889 0
1755917356001 5.49888888888889 0
