1755900730859 0.26001527803717417 0
1755901205101 0.26001527803717417 0
1755901347764 0.26001527803717417 0
1755903125325 0.26001527803717417 0
1755909182193 0.26001527803717417 0
1755910063995 0.26001527803717417 0
1755910123561 0.26001527803717417 0
1755910815490 0.26001527803717417 0
1755914459521 0.3300195938386481 0
1755914481393 0.3300195938386481 0
1755914503101 0.3300195938386481 0
1755914530625 0.3300195938386481 0
1755916783799 0.3300195938386481 0
1755917048895 0.3300195938386481 0
1755917086313 0.3300195938386481 0
1755917356001 0.3300195938386481 0
