1756911577937 29.973318403342848 0
1756911646088 30.936784798725903 0
1756911676283 30.936784798725903 0
1756911698045 30.936784798725903 0
1756912207132 30.936784798725903 0
1756912233639 30.936784798725903 0
1756912249078 30.936784798725903 0
1756912277734 30.936784798725903 0
1756912657675 30.936784798725903 0
1756912684668 30.936784798725903 0
1756912691976 30.936784798725903 0
1756912720260 30.936784798725903 0
1756913038039 30.936784798725903 0
1756913153341 30.936784798725903 0
1756913171727 30.936784798725903 0
1756913301336 30.936784798725903 0
1756914465954 30.936784798725903 0
1756914507703 30.936784798725903 0
1756914550513 30.936784798725903 0
1756914588049 30.936784798725903 0
1756915294848 30.936784798725903 0
1756915625622 30.936784798725903 0
1756915659884 30.936784798725903 0
1756916040786 30.936784798725903 0
1756919628613 30.936784798725903 0
1756919644454 30.936784798725903 0
1756919657290 30.936784798725903 0
1756919674513 30.936784798725903 0
1756919933032 30.936784798725903 0
1756919988875 30.936784798725903 0
1756920013674 30.936784798725903 0
1756920112840 30.936784798725903 0
