1756911577937 2.8322250343530295 0
1756911646088 2.736673610639267 0
1756911676283 2.736673610639267 0
1756911698045 2.736673610639267 0
1756912207132 2.736673610639267 0
1756912233639 2.736673610639267 0
1756912249078 2.736673610639267 0
1756912277734 2.736673610639267 0
1756912657675 2.736673610639267 0
1756912684668 2.736673610639267 0
1756912691976 2.736673610639267 0
1756912720260 2.736673610639267 0
1756913038039 2.736673610639267 0
1756913153341 2.736673610639267 0
1756913171727 2.736673610639267 0
1756913301336 2.736673610639267 0
1756914465954 2.736673610639267 0
1756914507703 2.736673610639267 0
1756914550513 2.736673610639267 0
1756914588049 2.736673610639267 0
1756915294848 2.736673610639267 0
1756915625622 2.736673610639267 0
1756915659884 2.736673610639267 0
1756916040786 2.736673610639267 0
1756919628613 2.736673610639267 0
1756919644454 2.736673610639267 0
1756919657290 2.736673610639267 0
1756919674513 2.736673610639267 0
1756919933032 2.736673610639267 0
1756919988875 2.736673610639267 0
1756920013674 2.736673610639267 0
1756920112840 2.736673610639267 0
