1756676744629 18.988293455175764 0
1756676801825 18.97532693105729 0
1756676843608 18.97532693105729 0
1756676887369 18.97532693105729 0
1756677603323 18.97532693105729 0
1756678061373 18.97532693105729 0
1756678099242 18.97532693105729 0
1756678537237 18.97532693105729 0
1756682337115 18.97532693105729 0
1756682353595 16.954886745539437 0
1756682369178 16.954886745539437 0
1756682383704 16.954886745539437 0
1756682654125 16.954886745539437 0
1756682698741 16.954886745539437 0
1756682726498 16.954886745539437 0
1756682797597 16.954886745539437 0
