1756294747196 39.91501585291906 0
1756294789838 41.141708236402735 0
1756294855293 41.141708236402735 0
1756294949837 41.141708236402735 0
1756297870680 41.141708236402735 0
1756298164856 41.141708236402735 0
1756298196785 41.141708236402735 0
1756298563633 41.141708236402735 0
1756299726553 41.141708236402735 0
1756299746544 41.141708236402735 0
1756299768089 41.141708236402735 0
1756299791215 41.141708236402735 0
1756300882884 41.141708236402735 0
1756300968562 41.141708236402735 0
1756301008183 41.141708236402735 0
1756301223206 41.141708236402735 0
