1756294747196 -0.04879289124388442 0
1756294789838 0.1999374123380392 0
1756294855293 0.1999374123380392 0
1756294949837 0.1999374123380392 0
1756297870680 0.1999374123380392 0
1756298164856 0.1999374123380392 0
1756298196785 0.1999374123380392 0
1756298563633 0.1999374123380392 0
1756299726553 0.1999374123380392 0
1756299746544 0.1999374123380392 0
1756299768089 0.1999374123380392 0
1756299791215 0.1999374123380392 0
1756300882884 0.1999374123380392 0
1756300968562 0.1999374123380392 0
1756301008183 0.1999374123380392 0
1756301223206 0.1999374123380392 0
