1756294747196 10.524969837450163 0
1756294789838 9.192591759487685 0
1756294855293 9.192591759487685 0
1756294949837 9.192591759487685 0
1756297870680 9.192591759487685 0
1756298164856 9.192591759487685 0
1756298196785 9.192591759487685 0
1756298563633 9.192591759487685 0
1756299726553 9.192591759487685 0
1756299746544 9.192591759487685 0
1756299768089 9.192591759487685 0
1756299791215 9.192591759487685 0
1756300882884 9.192591759487685 0
1756300968562 9.192591759487685 0
1756301008183 9.192591759487685 0
1756301223206 9.192591759487685 0
