1756800422019 3.2016043541634716 0
1756800500693 3.2016043541634716 0
1756800530342 3.2016043541549974 0
1756800553700 1.9803797769749412 0
1756800928339 1.9803797769749412 0
1756800962483 1.9803797769749412 0
1756800983762 1.9803797769749412 0
1756801017899 1.9803797769749412 0
1756801331785 1.9803797769749412 0
1756801362261 1.9803797769749412 0
1756801373702 1.9803797769749412 0
1756801407395 1.9803797769749412 0
1756802658715 1.9803797769749412 0
1756802779263 1.9803797769749412 0
1756802797959 1.9803797769749412 0
1756802934381 1.9803797769749412 0
