1756800422019 -0.1400718080954313 0
1756800500693 -0.1400718080954313 0
1756800530342 -0.14007180809396802 0
1756800553700 -0.0010375433625198216 0
1756800928339 -0.0010375433625198216 0
1756800962483 -0.0010375433625198216 0
1756800983762 -0.0010375433625198216 0
1756801017899 -0.0010375433625198216 0
1756801331785 -0.0010375433625198216 0
1756801362261 -0.0010375433625198216 0
1756801373702 -0.0010375433625198216 0
1756801407395 -0.0010375433625198216 0
1756802658715 -0.0010375433625198216 0
1756802779263 -0.0010375433625198216 0
1756802797959 -0.0010375433625198216 0
1756802934381 -0.0010375433625198216 0
