1757540431993 9.16712037669033 0
1757540503785 9.16712037669033 0
1757540543546 9.16712037669033 0
1757540591409 9.16712037669033 0
1757541427944 9.16712037669033 0
1757541453758 9.327773065451836 0
1757541468797 9.327773065451836 0
1757541495192 9.327773065451836 0
1757541852400 9.327773065451836 0
1757541878944 9.327773065451836 0
1757541886119 9.327773065451836 0
1757541914168 9.327773065451836 0
1757542208857 9.327773065451836 0
1757542313231 9.327773065451836 0
1757542329141 9.327773065451836 0
1757542450460 9.327773065451836 0
