1757540431993 4.948951077333962 0
1757540503785 4.948951077333962 0
1757540543546 4.948951077333976 0
1757540591409 4.948951077333976 0
1757541427944 4.948951077333976 0
1757541453758 5.09807989279124 0
1757541468797 5.09807989279124 0
1757541495192 5.09807989279124 0
1757541852400 5.09807989279124 0
1757541878944 5.09807989279124 0
1757541886119 5.09807989279124 0
1757541914168 5.09807989279124 0
1757542208857 5.09807989279124 0
1757542313231 5.09807989279124 0
1757542329141 5.09807989279124 0
1757542450460 5.09807989279124 0
