1757059833113 73.90131332897238 0
1757059970664 73.90131332897238 0
1757060073223 73.90131332897238 0
1757060224449 62.612083995458725 0
1757060597655 57.87988127095407 0
1757060625737 57.87988127095407 0
1757060642021 57.87988127095407 0
1757060671208 57.87988127095407 0
1757060966147 57.87988127095407 0
1757060993562 57.87988127095407 0
1757061001200 57.87988127095407 0
1757061029729 57.87988127095407 0
1757062293535 57.87988127095407 0
1757062427165 57.87988127095407 0
1757062448791 57.87988127095407 0
1757062607065 57.87988127095407 0
1757064122289 57.87988127095407 0
1757064212749 57.87988127095407 0
1757064252438 57.87988127095407 0
1757064341814 57.87988127095407 0
1757067983359 57.87988127095407 0
1757068316302 57.09364998021817 0
1757068347093 57.09364998021817 0
1757068626515 56.90270909238888 0
1757068907719 56.90270909238888 0
1757068926242 56.90270909238888 0
1757068940435 56.90270909238888 0
1757068958226 56.90270909238888 0
1757070213143 56.90270909238888 0
1757070286240 56.90270909238888 0
1757070312752 56.90270909238888 0
1757070412424 56.90270909238888 0
