1757059833113 -0.5295298613053323 0
1757059970664 -0.5295298613053323 0
1757060073223 -0.5295298613053323 0
1757060224449 -0.031429322703762086 0
1757060597655 0.045083644838714854 0
1757060625737 0.045083644838714854 0
1757060642021 0.045083644838714854 0
1757060671208 0.045083644838714854 0
1757060966147 0.045083644838714854 0
1757060993562 0.045083644838714854 0
1757061001200 0.045083644838714854 0
1757061029729 0.045083644838714854 0
1757062293535 0.045083644838714854 0
1757062427165 0.045083644838714854 0
1757062448791 0.045083644838714854 0
1757062607065 0.045083644838714854 0
1757064122289 0.045083644838714854 0
1757064212749 0.045083644838714854 0
1757064252438 0.045083644838714854 0
1757064341814 0.045083644838714854 0
1757067983359 0.045083644838714854 0
1757068316302 0.08502552675227848 0
1757068347093 0.08502552675227848 0
1757068626515 0.08787588211401665 0
1757068907719 0.08787588211401665 0
1757068926242 0.08787588211401665 0
1757068940435 0.08787588211401665 0
1757068958226 0.08787588211401665 0
1757070213143 0.08787588211401665 0
1757070286240 0.08787588211401665 0
1757070312752 0.08787588211401665 0
1757070412424 0.08787588211401665 0
