1757059833113 886.3797462069181 0
1757059970664 886.3797462069181 0
1757060073223 886.3797462069181 0
1757060224449 727.8813312293283 0
1757060597655 700.3635083952237 0
1757060625737 700.3635083952237 0
1757060642021 700.3635083952237 0
1757060671208 700.3635083952237 0
1757060966147 700.3635083952237 0
1757060993562 700.3635083952237 0
1757061001200 700.3635083952237 0
1757061029729 700.3635083952237 0
1757062293535 700.3635083952237 0
1757062427165 700.3635083952237 0
1757062448791 700.3635083952237 0
1757062607065 700.3635083952237 0
1757064122289 700.3635083952237 0
1757064212749 700.3635083952237 0
1757064252438 700.3635083952237 0
1757064341814 700.3635083952237 0
1757067983359 700.3635083952237 0
1757068316302 685.5597831047423 0
1757068347093 685.5597831047423 0
1757068626515 684.4911121774609 0
1757068907719 684.4911121774609 0
1757068926242 684.4911121774609 0
1757068940435 684.4911121774609 0
1757068958226 684.4911121774609 0
1757070213143 684.4911121774609 0
1757070286240 684.4911121774609 0
1757070312752 684.4911121774609 0
1757070412424 684.4911121774609 0
