1757059833113 -404803.37177364016 0
1757059970664 -404803.37177364016 0
1757060073223 -404803.37177364016 0
1757060224449 -268606.93154730805 0
1757060597655 -49759.42864990134 0
1757060625737 -49759.42864990134 0
1757060642021 -49759.42864990134 0
1757060671208 -49759.42864990134 0
1757060966147 -49759.42864990134 0
1757060993562 -49759.42864990134 0
1757061001200 -49759.42864990134 0
1757061029729 -49759.42864990134 0
1757062293535 -49759.42864990134 0
1757062427165 -49759.42864990134 0
1757062448791 -49759.42864990134 0
1757062607065 -49759.42864990134 0
1757064122289 -49759.42864990134 0
1757064212749 -49759.42864990134 0
1757064252438 -49759.42864990134 0
1757064341814 -49759.42864990134 0
1757067983359 -49759.42864990134 0
