1757059833113 -0.5070561184372577 0
1757059970664 -0.5070561184372577 0
1757060073223 -0.5070561184372577 0
1757060224449 -5.800024287960781e-06 0
1757060597655 0.8147489457209626 0
1757060625737 0.8147489457209626 0
1757060642021 0.8147489457209626 0
1757060671208 0.8147489457209626 0
1757060966147 0.8147489457209626 0
1757060993562 0.8147489457209626 0
1757061001200 0.8147489457209626 0
1757061029729 0.8147489457209626 0
1757062293535 0.8147489457209626 0
1757062427165 0.8147489457209626 0
1757062448791 0.8147489457209626 0
1757062607065 0.8147489457209626 0
1757064122289 0.8147489457209626 0
1757064212749 0.8147489457209626 0
1757064252438 0.8147489457209626 0
1757064341814 0.8147489457209626 0
1757067983359 0.8147489457209626 0
