1756821641712 4.078845068810256 0
1756821718064 4.078845068810256 0
1756821751574 4.078845068810201 0
1756821787845 4.078845068810201 0
1756822167497 3.7127199078947317 0
1756822197280 3.717506039473679 0
1756822215438 3.717506039473679 0
1756822244926 3.717506039473679 0
1756822551292 3.717506039473679 0
1756822578275 3.717506039473679 0
1756822585974 3.717506039473679 0
1756822615046 3.717506039473679 0
1756823792722 3.717506039473679 0
1756823900832 3.717506039473679 0
1756823918986 3.717506039473679 0
1756824046066 3.717506039473679 0
1756825518297 3.717506039473679 0
1756825595726 3.717506039473679 0
1756825664112 3.717506039473679 0
1756826055262 3.717506039473679 0
1756830316885 3.717506039473679 0
1756830648832 3.717506039473679 0
1756830684008 3.717506039473679 0
1756831047587 3.717506039473679 0
1756831384624 3.9985129604046743 0
1756831403262 3.6658406138151953 0
1756831420879 3.6658406138151953 0
1756831443487 3.6658406138151953 0
1756832873001 3.6658406138151953 0
1756832957167 3.6658406138151953 0
1756832990494 3.6658406138151953 0
1756833126314 3.6658406138151953 0
