1756821641712 6.378888748067062 0
1756821718064 6.378888748067062 0
1756821751574 6.3788887480669905 0
1756821787845 6.3788887480669905 0
1756822167497 6.2129161053815505 0
1756822197280 6.143063451225901 0
1756822215438 6.143063451225901 0
1756822244926 6.143063451225901 0
1756822551292 6.143063451225901 0
1756822578275 6.143063451225901 0
1756822585974 6.143063451225901 0
1756822615046 6.143063451225901 0
1756823792722 6.143063451225901 0
1756823900832 6.143063451225901 0
1756823918986 6.143063451225901 0
1756824046066 6.143063451225901 0
1756825518297 6.143063451225901 0
1756825595726 6.143063451225901 0
1756825664112 6.143063451225901 0
1756826055262 6.143063451225901 0
1756830316885 6.143063451225901 0
1756830648832 6.143063451225901 0
1756830684008 6.143063451225901 0
1756831047587 6.143063451225901 0
1756831384624 6.1120077382150315 0
1756831403262 6.0708428956844145 0
1756831420879 6.0708428956844145 0
1756831443487 6.0708428956844145 0
1756832873001 6.0708428956844145 0
1756832957167 6.0708428956844145 0
1756832990494 6.0708428956844145 0
1756833126314 6.0708428956844145 0
