1756460415706 0.2967658079026147 0
1756460474250 0.2967658079026147 0
1756460491488 0.29676580790261586 0
1756460513778 0.3394399434508481 0
1756461028408 0.3394399434508481 0
1756461057245 0.13220846655206622 0
1756461072676 0.13220846655206622 0
1756461102228 0.13220846655206622 0
1756461440900 0.13220846655206622 0
1756461471369 0.1611267768592818 0
1756461478081 0.1611267768592818 0
1756461510650 0.1611267768592818 0
1756461991652 0.1611267768592818 0
1756462120151 0.1611267768592818 0
1756462136889 0.1611267768592818 0
1756462284662 0.1611267768592818 0
1756463396798 0.1611267768592818 0
1756463519111 0.1611267768592818 0
1756463563908 0.1611267768592818 0
1756463625501 0.1611267768592818 0
1756465327144 0.1611267768592818 0
1756465874536 0.1611267768592818 0
1756465905150 0.1611267768592818 0
1756466432915 0.1611267768592818 0
1756468994273 0.1611267768592818 0
1756469010015 0.1611267768592818 0
1756469023720 0.1611267768592818 0
1756469041482 0.1611267768592818 0
1756469442652 0.1611267768592818 0
1756469499858 0.1611267768592818 0
1756469521977 0.1611267768592818 0
1756469650041 0.1611267768592818 0
