1756235812300 -37.874737407725185 0
1756235889516 -58.450087672758556 0
1756235917664 -58.450087672758556 0
1756235945000 -58.450087672758556 0
1756236404883 -26.30231026406248 0
1756236432654 -28.35979589218752 0
1756236448947 -28.35979589218752 0
1756236477394 -28.35979589218752 0
1756238342461 -28.35979589218752 0
1756238368068 -28.35979589218752 0
1756238375419 -28.35979589218752 0
1756238401428 -28.35979589218752 0
1756239485398 -28.35979589218752 0
1756239631608 -28.35979589218752 0
1756239654687 -28.35979589218752 0
1756239820821 -28.35979589218752 0
1756240966562 -28.35979589218752 0
