1756235812300 0.10205145406922123 0
1756235889516 0.12065315477722893 0
1756235917664 0.12065315477722893 0
1756235945000 0.12065315477722893 0
1756236404883 0.3678343904489504 0
1756236432654 0.48285206656094903 0
1756236448947 0.48285206656094903 0
1756236477394 0.48285206656094903 0
1756238342461 0.48285206656094903 0
1756238368068 0.48285206656094903 0
1756238375419 0.48285206656094903 0
1756238401428 0.48285206656094903 0
1756239485398 0.48285206656094903 0
1756239631608 0.48285206656094903 0
1756239654687 0.48285206656094903 0
1756239820821 0.48285206656094903 0
1756240966562 0.48285206656094903 0
1756241104016 0.5096250379766014 0
1756241152149 0.5096250379766014 0
1756241217464 0.5096250379766014 0
1756244125260 0.5096250379766014 0
1756244390602 0.5096250379766014 0
1756244424320 0.5096250379766014 0
1756244722191 0.5096250379766014 0
1756245647893 0.5096250379766014 0
1756245665873 0.5194389083379907 0
1756245682810 0.5194389083379907 0
1756245699797 0.5194389083379907 0
1756246829258 0.5194389083379907 0
1756246924892 0.5194389083379907 0
1756246957617 0.5194389083379907 0
1756247076009 0.5194389083379907 0
