1756235812300 4.944970335140824 0
1756235889516 4.306507682660429 0
1756235917664 4.306507682660429 0
1756235945000 4.306507682660429 0
1756236404883 1.956815624999999 0
1756236432654 2.8753281250000016 0
1756236448947 2.8753281250000016 0
1756236477394 2.8753281250000016 0
1756238342461 2.8753281250000016 0
1756238368068 2.8753281250000016 0
1756238375419 2.8753281250000016 0
1756238401428 2.8753281250000016 0
1756239485398 2.8753281250000016 0
1756239631608 2.8753281250000016 0
1756239654687 2.8753281250000016 0
1756239820821 2.8753281250000016 0
1756240966562 2.8753281250000016 0
