1756235812300 0.22474045350905447 0
1756235889516 0.3562300393060128 0
1756235917664 0.3562300393060128 0
1756235945000 0.3562300393060128 0
1756236404883 0.8673397903674809 0
1756236432654 0.7160920482492598 0
1756236448947 0.7160920482492598 0
1756236477394 0.7160920482492598 0
1756238342461 0.7160920482492598 0
1756238368068 0.7160920482492598 0
1756238375419 0.7160920482492598 0
1756238401428 0.7160920482492598 0
1756239485398 0.7160920482492598 0
1756239631608 0.7160920482492598 0
1756239654687 0.7160920482492598 0
1756239820821 0.7160920482492598 0
1756240966562 0.7160920482492598 0
