1756235812300 36.676967081315425 0
1756235889516 30.456290107211025 0
1756235917664 30.456290107211025 0
1756235945000 30.456290107211025 0
1756236404883 6.276058339062496 0
1756236432654 13.4314793640625 0
1756236448947 13.4314793640625 0
1756236477394 13.4314793640625 0
1756238342461 13.4314793640625 0
1756238368068 13.4314793640625 0
1756238375419 13.4314793640625 0
1756238401428 13.4314793640625 0
1756239485398 13.4314793640625 0
1756239631608 13.4314793640625 0
1756239654687 13.4314793640625 0
1756239820821 13.4314793640625 0
1756240966562 13.4314793640625 0
