1756240965757 5.595664142417235 0
1756241103246 3.7316825527288664 0
1756241151308 3.7316825527288664 0
1756241216715 3.7316825527288664 0
1756244124472 3.7316825527288664 0
1756244389768 3.7316825527288664 0
1756244423085 3.7316825527288664 0
1756244721371 3.7316825527288664 0
1756245647028 3.7316825527288664 0
1756245665071 3.5400000000000005 0
1756245680807 3.5400000000000005 0
1756245698943 3.5400000000000005 0
1756246828412 3.5400000000000005 0
1756246924054 3.5400000000000005 0
1756246956800 3.5400000000000005 0
1756247075187 3.5400000000000005 0
