1756240965757 -0.003621542402186151 0
1756241103246 0.5096250379766014 0
1756241151308 0.5096250379766014 0
1756241216715 0.5096250379766014 0
1756244124472 0.5096250379766014 0
1756244389768 0.5096250379766014 0
1756244423085 0.5096250379766014 0
1756244721371 0.5096250379766014 0
1756245647028 0.5096250379766014 0
1756245665071 0.5194389083379907 0
1756245680807 0.5194389083379907 0
1756245698943 0.5194389083379907 0
1756246828412 0.5194389083379907 0
1756246924054 0.5194389083379907 0
1756246956800 0.5194389083379907 0
1756247075187 0.5194389083379907 0
