1756821307071 -0.15237556548214837 0
1756821372917 -0.15237556548214837 0
1756821410343 -0.15237556548214815 0
1756821446490 -0.00415577628460384 0
1756821982306 -0.00415577628460384 0
1756822011701 0.04839453652694192 0
1756822028161 0.04839453652694192 0
1756822058083 0.04839453652694192 0
1756822404966 0.04839453652694192 0
1756822433976 0.04839453652694192 0
1756822441580 0.04839453652694192 0
1756822471961 0.04839453652694192 0
1756823195396 0.04839453652694192 0
1756823321208 0.04839453652694192 0
1756823340149 0.04839453652694192 0
1756823482374 0.04839453652694192 0
