1756719082336 1.3613798910149748 0
1756719184283 1.3613798910149748 0
1756719226963 1.3613798910149748 0
1756719273055 1.3613798910149748 0
1756720180190 1.3613798910149748 0
1756720519709 1.3124930279162215 0
1756720552685 1.3124930279162215 0
1756720939945 1.3124930279162215 0
1756724500222 1.3124930279162215 0
1756724517476 1.3124930279162215 0
1756724532586 1.3124930279162215 0
1756724547956 1.3124930279162215 0
1756724834056 1.3124930279162215 0
1756724898402 1.3124930279162215 0
1756724924775 1.3124930279162215 0
1756725030347 1.3124930279162215 0
