1757063777106 545.7160618030932 0
1757063921066 420.92525495683947 0
1757063974151 420.92525495683947 0
1757064083234 360.7252454653868 0
1757067208635 360.7252454653868 0
1757067550158 360.7252454653868 0
1757067578847 360.7252454653868 0
1757067951203 360.7252454653868 0
1757068840876 360.7252454653868 0
1757068858484 360.7252454653868 0
1757068872203 360.7252454653868 0
1757068889488 360.7252454653868 0
1757069922566 360.7252454653868 0
1757070009547 360.7252454653868 0
1757070040567 360.7252454653868 0
1757070179299 360.7252454653868 0
