1757063777106 16.705069766794697 0
1757063921066 12.889273564478005 0
1757063974151 12.889273564478005 0
1757064083234 11.644259772180925 0
1757067208635 11.644259772180925 0
1757067550158 11.644259772180925 0
1757067578847 11.644259772180925 0
1757067951203 11.644259772180925 0
1757068840876 11.644259772180925 0
1757068858484 11.644259772180925 0
1757068872203 11.644259772180925 0
1757068889488 11.644259772180925 0
1757069922566 11.644259772180925 0
1757070009547 11.644259772180925 0
1757070040567 11.644259772180925 0
1757070179299 11.644259772180925 0
