1755890451051 75.3635939109682 0
1755891436084 75.3635939109682 0
1755891486153 75.3635939109682 0
1755891603495 77.21471395837165 0
1755892264075 77.21471395837165 0
1755892313393 77.21471395837165 0
1755892342048 77.21471395837165 0
1755892392344 77.21471395837165 0
1755892843513 77.21471395837165 0
1755892884963 77.21471395837165 0
1755892895666 77.21471395837165 0
1755892940136 77.21471395837165 0
1755896644876 23.291898113945045 0
1755897019193 23.291898113945045 0
1755897038815 23.291898113945045 0
1755897461443 23.291898113945045 0
