1755890451051 7.098801241364483 0
1755891436084 7.098801241364483 0
1755891486153 7.098801241364483 0
1755891603495 7.223171984395158 0
1755892264075 7.223171984395158 0
1755892313393 7.223171984395158 0
1755892342048 7.223171984395158 0
1755892392344 7.223171984395158 0
1755892843513 7.223171984395158 0
1755892884963 7.223171984395158 0
1755892895666 7.223171984395158 0
1755892940136 7.223171984395158 0
1755896644876 3.7934250758244437 0
1755897019193 3.7934250758244437 0
1755897038815 3.7934250758244437 0
1755897461443 3.7934250758244437 0
