1756664274171 5.046413018896022 0
1756664442250 4.898960358957941 0
1756664506878 4.898960358957941 0
1756664581934 4.898960358957941 0
1756667969039 4.345278898279912 0
1756668541343 4.26749860013889 0
1756668571734 4.26749860013889 0
1756669119301 4.26749860013889 0
1756670218419 4.26749860013889 0
1756670233906 4.094080859963721 0
1756670247011 4.094080859963721 0
1756670264253 4.094080859963721 0
1756670941624 4.069225616885906 0
1756671039702 3.799650407080507 0
1756671064109 3.799650407080507 0
1756671147779 3.799650407080507 0
