1756889694562 -0.038637115779713994 0
1756889735781 -0.038637115779713994 0
1756889774096 -0.038637115779713994 0
1756889812110 -0.038637115779713994 0
1756891225957 -0.038637115779713994 0
1756891671485 -0.038637115779713994 0
1756891705417 -0.038637115779713994 0
1756892215945 -0.038637115779713994 0
1756895373412 -0.04087392045454545 0
1756895388884 -0.04087392045454545 0
1756895402308 -0.04087392045454545 0
1756895420208 -0.04087392045454545 0
1756895772129 -0.039949039441367976 0
1756895823270 -0.039949039441367976 0
1756895845480 -0.039949039441367976 0
1756895949203 -0.039949039441367976 0
