1756595923110 10.723554087325123 0
1756595984946 10.723554087325123 0
1756596009790 10.723554087325123 0
1756596032154 9.556196348262679 0
1756596504718 8.603179640228326 0
1756596536338 8.603179640228326 0
1756596552583 8.603179640228326 0
1756596584267 8.603179640228326 0
1756596928683 8.603179640228326 0
1756596961938 8.603179640228326 0
1756596969046 8.603179640228326 0
1756597003178 8.603179640228326 0
1756597758911 8.603179640228326 0
1756597897896 8.603179640228326 0
1756597915337 8.603179640228326 0
1756598070760 8.603179640228326 0
1756599191811 8.780253225468087 0
1756599299109 8.780253225468087 0
1756599361646 8.780052582446949 0
1756599451994 8.038565385913072 0
1756601923115 8.038565385913072 0
1756602425189 8.038565385913072 0
1756602460209 8.038565385913072 0
1756602981753 8.038565385913072 0
1756604723588 8.038565385913072 0
1756604741403 8.038565385913072 0
1756604756144 8.038565385913072 0
1756604772099 8.038565385913072 0
1756605521653 8.038565385913072 0
1756605596367 8.038565385913072 0
1756605623391 8.038565385913072 0
1756605721368 8.038565385913072 0
