1756595923110 5.150854647108559 0
1756595984946 5.150854647108559 0
1756596009790 5.150854647108559 0
1756596032154 4.989446254431616 0
1756596504718 2.405547754093074 0
1756596536338 2.405547754093074 0
1756596552583 2.405547754093074 0
1756596584267 2.405547754093074 0
1756596928683 2.405547754093074 0
1756596961938 2.405547754093074 0
1756596969046 2.405547754093074 0
1756597003178 2.405547754093074 0
1756597758911 2.405547754093074 0
1756597897896 2.405547754093074 0
1756597915337 2.405547754093074 0
1756598070760 2.405547754093074 0
