1756595923110 -26.531303595639834 0
1756595984946 -26.531303595639834 0
1756596009790 -26.531303595639834 0
1756596032154 -24.894573925861682 0
1756596504718 -5.786659997222232 0
1756596536338 -5.786659997222232 0
1756596552583 -5.786659997222232 0
1756596584267 -5.786659997222232 0
1756596928683 -5.786659997222232 0
1756596961938 -5.786659997222232 0
1756596969046 -5.786659997222232 0
1756597003178 -5.786659997222232 0
1756597758911 -5.786659997222232 0
1756597897896 -5.786659997222232 0
1756597915337 -5.786659997222232 0
1756598070760 -5.786659997222232 0
