1756595923110 4.130003844171314 0
1756595984946 4.130003844171314 0
1756596009790 4.130003844171314 0
1756596032154 3.978842247542136 0
1756596504718 1.894150000000002 0
1756596536338 1.894150000000002 0
1756596552583 1.894150000000002 0
1756596584267 1.894150000000002 0
1756596928683 1.894150000000002 0
1756596961938 1.894150000000002 0
1756596969046 1.894150000000002 0
1756597003178 1.894150000000002 0
1756597758911 1.894150000000002 0
1756597897896 1.894150000000002 0
1756597915337 1.894150000000002 0
1756598070760 1.894150000000002 0
