1757077380951 63.676353140884714 0
1757077443399 23.19089044697405 0
1757077473909 23.19089044697405 0
1757077514489 8.411081728962836 0
1757078120401 8.411081728962836 0
1757078148945 8.411081728962836 0
1757078165481 8.411081728962836 0
1757078195355 8.411081728962836 0
1757078526152 8.411081728962836 0
1757078552423 8.411081728962836 0
1757078559852 8.411081728962836 0
1757078588380 8.411081728962836 0
1757079018563 8.411081728962836 0
1757079110827 8.411081728962836 0
1757079126922 8.411081728962836 0
1757079236570 8.411081728962836 0
