1757077380951 -173.7935603653079 0
1757077443399 -9.904079601864956 0
1757077473909 -9.904079601864956 0
1757077514489 -0.4559659946525523 0
1757078120401 -0.4559659946525523 0
1757078148945 -0.4559659946525523 0
1757078165481 -0.4559659946525523 0
1757078195355 -0.4559659946525523 0
1757078526152 -0.4559659946525523 0
1757078552423 -0.4559659946525523 0
1757078559852 -0.4559659946525523 0
1757078588380 -0.4559659946525523 0
1757079018563 -0.4559659946525523 0
1757079110827 -0.4559659946525523 0
1757079126922 -0.4559659946525523 0
1757079236570 -0.4559659946525523 0
