1756803354051 1.0674204032287458 0
1756803415834 1.0674204032287458 0
1756803505311 1.0674204032287458 0
1756803583692 1.0674204032287458 0
1756805387494 0.9423540358837786 0
1756805794858 0.9423540358837786 0
1756805827918 0.9423540358837786 0
1756806240941 0.9423540358837786 0
1756808892405 0.9698564963763273 0
1756808911209 0.9698564963763273 0
1756808924907 0.9698564963763273 0
1756808944400 0.9698564963763273 0
1756809400833 0.9698564963763273 0
1756809465169 0.9698564963763273 0
1756809496839 0.9698564963763273 0
1756809590903 0.9698564963763273 0
