1756803354051 3.1403808266002735 0
1756803415834 3.1403808266002735 0
1756803505311 3.1403808266002735 0
1756803583692 3.1403808266002735 0
1756805387494 3.100503351850655 0
1756805794858 3.100503351850655 0
1756805827918 3.100503351850655 0
1756806240941 3.100503351850655 0
1756808892405 3.0203823710894726 0
1756808911209 3.0203823710894726 0
1756808924907 3.0203823710894726 0
1756808944400 3.0203823710894726 0
1756809400833 3.0203823710894726 0
1756809465169 3.0203823710894726 0
1756809496839 3.0203823710894726 0
1756809590903 3.0203823710894726 0
