1756976439695 -2351.101662390357 0
1756976500790 -2351.101662390357 0
1756976530332 -2333.1679980680055 0
1756976604104 -2333.1679980680055 0
1756978758969 -1723.6528158646754 0
1756979244382 -1723.6528158646754 0
1756979285060 -1713.3680138063373 0
1756979609478 -1713.3680138063373 0
1756982437660 -1713.3680138063373 0
1756982454154 -2290.565596590909 0
1756982468578 -2290.565596590909 0
1756982486806 -2290.565596590909 0
1756983002712 -2290.565596590909 0
1756983163988 -2290.565596590909 0
1756983200296 -2290.565596590909 0
1756983407035 -2290.565596590909 0
