1756976439695 44.06514523701322 0
1756976500790 44.06514523701322 0
1756976530332 43.356384155775736 0
1756976604104 43.356384155775736 0
1756978758969 41.09141065945055 0
1756979244382 41.09141065945055 0
1756979285060 40.985779530317465 0
1756979609478 40.985779530317465 0
1756982437660 40.985779530317465 0
1756982454154 39.578048780487805 0
1756982468578 39.578048780487805 0
1756982486806 39.578048780487805 0
1756983002712 39.578048780487805 0
1756983163988 39.578048780487805 0
1756983200296 39.578048780487805 0
1756983407035 39.578048780487805 0
