1756479494771 10.826045833160599 0
1756479562988 10.826045833160599 0
1756479631648 10.826037672414857 0
1756479679396 9.434230525470847 0
1756482041669 9.434230525470847 0
1756482543639 9.434230525470847 0
1756482581995 9.434230525470847 0
1756482932168 9.434230525470847 0
1756484929763 9.434230525470847 0
1756484946192 9.434230525470847 0
1756484959621 9.434230525470847 0
1756484979448 9.434230525470847 0
1756485851673 9.434230525470847 0
1756485949126 9.434230525470847 0
1756485981959 9.434230525470847 0
1756486074828 9.434230525470847 0
