1756294595760 7.49129360536095 0
1756294635040 6.204105923561213 0
1756294665754 6.204105923561213 0
1756294703106 6.133117358936942 0
1756296828991 6.133117358936942 0
1756297259960 6.133117358936942 0
1756297296561 6.133117358936942 0
1756297839184 6.133117358936942 0
1756299643172 6.133117358936942 0
1756299666604 6.133117358936942 0
1756299686632 6.133117358936942 0
1756299709863 6.133117358936942 0
1756300586047 6.133117358936942 0
1756300668030 6.133117358936942 0
1756300710238 6.133117358936942 0
1756300850098 6.133117358936942 0
