1756294595760 9.060747276321498 0
1756294635040 8.113479206609497 0
1756294665754 8.113479206609497 0
1756294703106 7.8590897330757175 0
1756296828991 7.8590897330757175 0
1756297259960 7.8590897330757175 0
1756297296561 7.8590897330757175 0
1756297839184 7.8590897330757175 0
1756299643172 7.8590897330757175 0
1756299666604 7.8590897330757175 0
1756299686632 7.8590897330757175 0
1756299709863 7.8590897330757175 0
1756300586047 7.8590897330757175 0
1756300668030 7.8590897330757175 0
1756300710238 7.8590897330757175 0
1756300850098 7.8590897330757175 0
