1755563565731 6.365685486749483 0
1755564098885 6.365685486749483 0
1755564250549 6.365685486749483 0
1755565420956 6.365685486749483 0
1755573309418 6.365685486749483 0
1755573945244 6.189177820203865 0
1755574004466 6.189177820203865 0
1755574915555 6.189177820203865 0
1755580862339 6.189177820203865 0
1755580890835 6.189177820203865 0
1755580909917 6.248809523809523 0
1755580935262 6.248809523809523 0
1755581953156 6.248809523809523 0
1755582429950 6.248809523809523 0
1755582471801 6.248809523809523 0
1755583315647 6.248809523809523 0
