1755563565731 14.712741359623246 0
1755564098885 14.712741359623246 0
1755564250549 14.712741359623246 0
1755565420956 14.712741359623246 0
1755573309418 14.712741359623246 0
1755573945244 13.83482453992195 0
1755574004466 13.83482453992195 0
1755574915555 13.83482453992195 0
1755580862339 13.83482453992195 0
1755580890835 13.83482453992195 0
1755580909917 14.584097325289028 0
1755580935262 14.584097325289028 0
1755581953156 14.584097325289028 0
1755582429950 14.584097325289028 0
1755582471801 14.584097325289028 0
1755583315647 14.584097325289028 0
