1756318878219 10.675048008054654 0
1756318943353 10.675048008054654 0
1756318969669 10.67504800805319 0
1756318996772 9.446994120776207 0
1756319589210 9.446994120776207 0
1756319616758 9.446994120776207 0
1756319632450 9.446994120776207 0
1756319660404 9.446994120776207 0
1756320031533 9.446994120776207 0
1756320059315 9.446994120776207 0
1756320066002 9.446994120776207 0
1756320094688 9.446994120776207 0
1756320433555 9.446994120776207 0
1756320540055 9.446994120776207 0
1756320556055 9.446994120776207 0
1756320678663 9.446994120776207 0
