1756318878219 14.21810613565758 0
1756318943353 14.21810613565758 0
1756318969669 14.218106135653647 0
1756318996772 11.95917235604604 0
1756319589210 11.95917235604604 0
1756319616758 11.95917235604604 0
1756319632450 11.95917235604604 0
1756319660404 11.95917235604604 0
1756320031533 11.95917235604604 0
1756320059315 11.95917235604604 0
1756320066002 11.95917235604604 0
1756320094688 11.95917235604604 0
1756320433555 11.95917235604604 0
1756320540055 11.95917235604604 0
1756320556055 11.95917235604604 0
1756320678663 11.95917235604604 0
