1756318878219 0.4658164401919731 0
1756318943353 0.4658164401919731 0
1756318969669 0.4658164401917818 0
1756318996772 -0.00526757212847051 0
1756319589210 -0.00526757212847051 0
1756319616758 -0.00526757212847051 0
1756319632450 -0.00526757212847051 0
1756319660404 -0.00526757212847051 0
1756320031533 -0.00526757212847051 0
1756320059315 -0.00526757212847051 0
1756320066002 -0.00526757212847051 0
1756320094688 -0.00526757212847051 0
1756320433555 -0.00526757212847051 0
1756320540055 -0.00526757212847051 0
1756320556055 -0.00526757212847051 0
1756320678663 -0.00526757212847051 0
