1756716304744 25.857727045684758 0
1756716362653 21.952011446580848 0
1756716384696 21.952011446580848 0
1756716404269 24.830124394982224 0
1756716875608 24.830124394982224 0
1756716903737 24.830124394982224 0
1756716919133 24.830124394982224 0
1756716947407 24.830124394982224 0
1756717293956 24.830124394982224 0
1756717319522 24.830124394982224 0
1756717326571 24.830124394982224 0
1756717353058 24.830124394982224 0
1756717856891 24.246327305695907 0
1756717993833 24.512573170327624 0
1756718010498 24.512573170327624 0
1756718160694 24.512573170327624 0
1756719309952 21.25667218292874 0
1756719352718 21.25667218292874 0
1756719408955 21.25667218292874 0
1756719502055 21.25667218292874 0
1756720977497 21.25667218292874 0
1756721449145 21.25667218292874 0
1756721486713 21.25667218292874 0
1756721930293 21.25667218292874 0
1756724561374 21.25667218292874 0
1756724576387 21.25667218292874 0
1756724592017 21.25667218292874 0
1756724610109 21.20142717625859 0
1756725053239 21.20142717625859 0
1756725146810 21.20142717625859 0
1756725178412 21.20142717625859 0
1756725329781 21.20142717625859 0
