1756716304744 -0.7027803622511648 0
1756716362653 -0.4702628315499362 0
1756716384696 -0.4702628315499362 0
1756716404269 -0.125612405418966 0
1756716875608 -0.125612405418966 0
1756716903737 -0.125612405418966 0
1756716919133 -0.125612405418966 0
1756716947407 -0.125612405418966 0
1756717293956 -0.125612405418966 0
1756717319522 -0.125612405418966 0
1756717326571 -0.125612405418966 0
1756717353058 -0.125612405418966 0
1756717856891 -0.1101448726087706 0
1756717993833 -0.10520230212763404 0
1756718010498 -0.10520230212763404 0
1756718160694 -0.10520230212763404 0
1756719309952 0.028291940443106345 0
1756719352718 0.028291940443106345 0
1756719408955 0.028291940443106345 0
1756719502055 0.028291940443106345 0
1756720977497 0.028291940443106345 0
1756721449145 0.028291940443106345 0
1756721486713 0.028291940443106345 0
1756721930293 0.028291940443106345 0
1756724561374 0.028291940443106345 0
1756724576387 0.028291940443106345 0
1756724592017 0.028291940443106345 0
1756724610109 0.09372450993791925 0
1756725053239 0.09372450993791925 0
1756725146810 0.09372450993791925 0
1756725178412 0.09372450993791925 0
1756725329781 0.09372450993791925 0
