1755541099104 -88.53225257267505 0
1755542225293 -88.53225257267505 0
1755542289339 -88.53225257267533 0
1755542463374 -88.53225257267533 0
1755545609443 -68.96956869156749 0
1755545677925 -68.96956869156749 0
1755545713947 -68.96956869156749 0
1755545778925 -68.96956869156749 0
1755546404045 -68.96956869156749 0
1755546462688 -68.96956869156749 0
1755546475412 -68.96956869156749 0
1755546537316 -68.96956869156749 0
1755552327706 -68.96956869156749 0
1755553722914 -68.96956869156749 0
1755553779662 -68.96956869156749 0
1755555286690 -68.96956869156749 0
1755565476181 -68.96956869156749 0
1755565920528 -68.96956869156749 0
1755566027268 -68.26648604000168 0
1755568697420 -68.26648604000168 0
1755574973221 -68.26648604000168 0
1755576111738 -68.26648604000168 0
1755576171549 -68.26648604000168 0
1755577064064 -68.26648604000168 0
1755580957105 -68.26648604000168 0
1755580981434 -68.26648604000168 0
1755581004419 -68.26648604000168 0
1755581032902 -68.26648604000168 0
1755583369547 -68.26648604000168 0
1755583594672 -68.26648604000168 0
1755583631135 -68.26648604000168 0
1755583932251 -68.26648604000168 0
