1755541099104 6.073212085405274 0
1755542225293 6.073212085405274 0
1755542289339 6.073212085405162 0
1755542463374 6.073212085405162 0
1755545609443 6.171961111111118 0
1755545677925 6.171961111111118 0
1755545713947 6.171961111111118 0
1755545778925 6.171961111111118 0
1755546404045 6.171961111111118 0
1755546462688 6.171961111111118 0
1755546475412 6.171961111111118 0
1755546537316 6.171961111111118 0
1755552327706 6.171961111111118 0
1755553722914 6.171961111111118 0
1755553779662 6.171961111111118 0
1755555286690 6.171961111111118 0
1755565476181 6.171961111111118 0
1755565920528 6.171961111111118 0
1755566027268 5.746313045935432 0
1755568697420 5.746313045935432 0
1755574973221 5.746313045935432 0
1755576111738 5.746313045935432 0
1755576171549 5.746313045935432 0
1755577064064 5.746313045935432 0
1755580957105 5.746313045935432 0
1755580981434 5.746313045935432 0
1755581004419 5.746313045935432 0
1755581032902 5.746313045935432 0
1755583369547 5.746313045935432 0
1755583594672 5.746313045935432 0
1755583631135 5.746313045935432 0
1755583932251 5.746313045935432 0
