1755541099104 0.08717964031007674 0
1755542225293 0.08717964031007674 0
1755542289339 0.08717964031010228 0
1755542463374 0.08717964031010228 0
1755545609443 0.17115645886672926 0
1755545677925 0.17115645886672926 0
1755545713947 0.17115645886672926 0
1755545778925 0.17115645886672926 0
1755546404045 0.17115645886672926 0
1755546462688 0.17115645886672926 0
1755546475412 0.17115645886672926 0
1755546537316 0.17115645886672926 0
1755552327706 0.17115645886672926 0
1755553722914 0.17115645886672926 0
1755553779662 0.17115645886672926 0
1755555286690 0.17115645886672926 0
1755565476181 0.17115645886672926 0
1755565920528 0.17115645886672926 0
1755566027268 0.259650021917301 0
1755568697420 0.259650021917301 0
1755574973221 0.259650021917301 0
1755576111738 0.259650021917301 0
1755576171549 0.259650021917301 0
1755577064064 0.259650021917301 0
1755580957105 0.259650021917301 0
1755580981434 0.259650021917301 0
1755581004419 0.259650021917301 0
1755581032902 0.259650021917301 0
1755583369547 0.259650021917301 0
1755583594672 0.259650021917301 0
1755583631135 0.259650021917301 0
1755583932251 0.259650021917301 0
