1755886997444 6.682170031647248 0
1755887930372 6.682170031647248 0
1755887980051 6.6821700316471455 0
1755888095700 6.6821700316471455 0
1755891783093 6.604964285714294 0
1755891832845 6.298391202846377 0
1755891861683 6.298391202846377 0
1755891912042 6.298391202846377 0
1755892504517 6.298391202846377 0
1755892546964 6.298391202846377 0
1755892557316 6.298391202846377 0
1755892602472 6.298391202846377 0
1755893811924 6.298391202846377 0
1755894230871 6.298391202846377 0
1755894250120 6.298391202846377 0
1755894720554 6.298391202846377 0
1755899308475 6.298391202846377 0
1755899758778 6.298391202846377 0
1755899826361 6.298391202846377 0
1755900597459 6.298391202846377 0
1755907395002 6.298391202846377 0
1755908296243 6.208733831089262 0
1755908356410 6.208733831089262 0
1755909119083 6.165020832653519 0
1755914370162 5.991666666666666 0
1755914392705 5.991666666666666 0
1755914412758 5.991666666666666 0
1755914438777 5.991666666666666 0
1755915542440 5.991666666666666 0
1755916270717 5.991666666666666 0
1755916315398 5.991666666666666 0
1755916750768 5.991666666666666 0
