1755886997444 3.8371571298099325 0
1755887930372 3.8371571298099325 0
1755887980051 3.8371571298099427 0
1755888095700 3.8371571298099427 0
1755891783093 2.0290903614457876 0
1755891832845 3.5075560742698735 0
1755891861683 3.5075560742698735 0
1755891912042 3.5075560742698735 0
1755892504517 3.5075560742698735 0
1755892546964 3.5075560742698735 0
1755892557316 3.5075560742698735 0
1755892602472 3.5075560742698735 0
1755893811924 3.5075560742698735 0
1755894230871 3.5075560742698735 0
1755894250120 3.5075560742698735 0
1755894720554 3.5075560742698735 0
1755899308475 3.5075560742698735 0
1755899758778 3.5075560742698735 0
1755899826361 3.5075560742698735 0
1755900597459 3.5075560742698735 0
1755907395002 3.5075560742698735 0
