1756201669676 459.2560694095986 0
1756201776146 448.369814158574 0
1756201875654 448.369814158574 0
1756202022319 448.369814158574 0
1756203818682 448.369814158574 0
1756203844081 448.369814158574 0
1756203858800 448.369814158574 0
1756203884761 448.369814158574 0
1756204243638 448.369814158574 0
1756204269066 448.369814158574 0
1756204275865 448.369814158574 0
1756204302955 448.369814158574 0
1756204598601 448.369814158574 0
1756204705036 448.369814158574 0
1756204720724 448.369814158574 0
1756204848978 448.369814158574 0
1756206162868 448.369814158574 0
1756206314116 440.6160272005736 0
1756206375644 440.6160272005736 0
1756206570493 440.6160272005736 0
1756207884132 440.6160272005736 0
1756208415573 440.6160272005736 0
1756208449672 440.6160272005736 0
1756208860442 440.6160272005736 0
1756212733964 440.6160272005736 0
1756212750876 440.6160272005736 0
1756212766703 440.6160272005736 0
1756212786435 440.6160272005736 0
1756213100585 440.6160272005736 0
1756213221251 440.6160272005736 0
1756213256458 440.6160272005736 0
1756213476758 440.6160272005736 0
