1757058132214 607.5845397768412 0
1757058233061 603.9649167637328 0
1757058325254 603.9649167637328 0
1757058482372 580.6399882692774 0
1757060239799 580.6399882692774 0
1757060266921 240.7337308767983 0
1757060282376 240.7337308767983 0
1757060309786 240.7337308767983 0
1757060678700 240.7337308767983 0
1757060705871 416.97892221145594 0
1757060712909 416.97892221145594 0
1757060740262 416.97892221145594 0
1757061045975 416.97892221145594 0
1757061148448 416.97892221145594 0
1757061165656 416.97892221145594 0
1757061292184 416.97892221145594 0
1757062713792 416.97892221145594 0
1757062864499 416.97892221145594 0
1757062904685 416.97892221145594 0
1757062987150 416.97892221145594 0
1757064374023 416.97892221145594 0
1757064765620 416.97892221145594 0
1757064801814 416.97892221145594 0
1757065260549 416.97892221145594 0
1757068640831 416.97892221145594 0
1757068657347 416.97892221145594 0
1757068673113 416.97892221145594 0
1757068693075 416.97892221145594 0
1757068994638 416.97892221145594 0
1757069075933 416.97892221145594 0
1757069106636 416.97892221145594 0
1757069249039 416.97892221145594 0
