1757058132214 -0.05317125979338311 0
1757058233061 -0.04066031643661039 0
1757058325254 -0.04066031643661039 0
1757058482372 0.03816748565673522 0
1757060239799 0.03816748565673522 0
1757060266921 0.8346670316343029 0
1757060282376 0.8346670316343029 0
1757060309786 0.8346670316343029 0
1757060678700 0.8346670316343029 0
1757060705871 0.5039633396436933 0
1757060712909 0.5039633396436933 0
1757060740262 0.5039633396436933 0
1757061045975 0.5039633396436933 0
1757061148448 0.5039633396436933 0
1757061165656 0.5039633396436933 0
1757061292184 0.5039633396436933 0
1757062713792 0.5039633396436933 0
1757062864499 0.5039633396436933 0
1757062904685 0.5039633396436933 0
1757062987150 0.5039633396436933 0
1757064374023 0.5039633396436933 0
1757064765620 0.5039633396436933 0
1757064801814 0.5039633396436933 0
1757065260549 0.5039633396436933 0
1757068640831 0.5039633396436933 0
1757068657347 0.5039633396436933 0
1757068673113 0.5039633396436933 0
1757068693075 0.5039633396436933 0
1757068994638 0.5039633396436933 0
1757069075933 0.5039633396436933 0
1757069106636 0.5039633396436933 0
1757069249039 0.5039633396436933 0
