1756664041652 0.7458495023280909 0
1756664109828 0.7458495023280909 0
1756664161058 0.7458495023280909 0
1756664216718 0.7458495023280909 0
1756666774100 0.6809197393469482 0
1756667397259 0.6809197393469482 0
1756667430564 0.6850398455492713 0
1756667936293 0.6850398455492713 0
1756670150815 0.6850398455492713 0
1756670169336 0.6850398455492713 0
1756670185296 0.6850398455492713 0
1756670205529 0.6850398455492713 0
1756670732148 0.6850398455492713 0
1756670778763 0.6382697713942755 0
1756670805141 0.6382697713942755 0
1756670913738 0.6382697713942755 0
