1756664041652 0.9071592372191862 0
1756664109828 0.9071592372191862 0
1756664161058 0.9071592372191862 0
1756664216718 0.9071592372191862 0
1756666774100 0.836114904918265 0
1756667397259 0.836114904918265 0
1756667430564 0.8358087146479746 0
1756667936293 0.8358087146479746 0
1756670150815 0.8358087146479746 0
1756670169336 0.8358087146479746 0
1756670185296 0.8358087146479746 0
1756670205529 0.8358087146479746 0
1756670732148 0.8358087146479746 0
1756670778763 0.8196365795472649 0
1756670805141 0.8196365795472649 0
1756670913738 0.8196365795472649 0
