1756911845870 1.1959057999460336 0
1756911903399 1.1959057999460336 0
1756911927712 1.1959057999460336 0
1756911953329 1.1959057999460336 0
1756912385948 1.1959057999460336 0
1756912415838 1.1959057999460336 0
1756912432171 1.1959057999460336 0
1756912463542 1.1959057999460336 0
1756912799607 1.1959057999460336 0
1756912829727 1.1959057999460336 0
1756912837396 1.1959057999460336 0
1756912871527 1.1959057999460336 0
1756913619872 1.1959057999460336 0
1756913726206 1.1959057999460336 0
1756913743574 1.1959057999460336 0
1756913868748 1.1959057999460336 0
1756914796609 1.1959057999460336 0
1756914825168 1.1959057999460336 0
1756914873524 1.1959057999460336 0
1756914934711 1.1959057999460336 0
1756916810811 1.1959057999460336 0
1756917454852 1.1959057999460336 0
1756917487977 1.1959057999460336 0
1756917944978 1.1959057999460336 0
1756919748874 1.1959057999460336 0
1756919764034 1.1959057999460336 0
1756919778141 1.1959057999460336 0
1756919794431 1.1959057999460336 0
1756920361119 1.1959057999460336 0
1756920426008 1.1959057999460336 0
1756920448659 1.1959057999460336 0
1756920529768 1.1959057999460336 0
