1756820989445 -25.365802763807597 0
1756821051662 -45.13256606323212 0
1756821081620 -26.0605292908286 0
1756821114287 -26.0605292908286 0
1756821802726 -26.0605292908286 0
1756821829325 -26.0605292908286 0
1756821844504 -26.0605292908286 0
1756821872458 -26.0605292908286 0
1756822251569 -26.0605292908286 0
1756822281228 -26.0605292908286 0
1756822288630 -26.0605292908286 0
1756822319980 -26.0605292908286 0
1756822629570 -26.0605292908286 0
1756822730534 -26.0605292908286 0
1756822746715 -26.0605292908286 0
1756822867043 -26.0605292908286 0
