1756820989445 5.259176989582202 0
1756821051662 4.8866949927476275 0
1756821081620 3.268850436196819 0
1756821114287 3.268850436196819 0
1756821802726 3.268850436196819 0
1756821829325 3.268850436196819 0
1756821844504 3.268850436196819 0
1756821872458 3.268850436196819 0
1756822251569 3.268850436196819 0
1756822281228 3.268850436196819 0
1756822288630 3.268850436196819 0
1756822319980 3.268850436196819 0
1756822629570 3.268850436196819 0
1756822730534 3.268850436196819 0
1756822746715 3.268850436196819 0
1756822867043 3.268850436196819 0
