1756820989445 6.297036103559411 0
1756821051662 5.755541212700745 0
1756821081620 3.958224437174284 0
1756821114287 3.958224437174284 0
1756821802726 3.958224437174284 0
1756821829325 3.958224437174284 0
1756821844504 3.958224437174284 0
1756821872458 3.958224437174284 0
1756822251569 3.958224437174284 0
1756822281228 3.958224437174284 0
1756822288630 3.958224437174284 0
1756822319980 3.958224437174284 0
1756822629570 3.958224437174284 0
1756822730534 3.958224437174284 0
1756822746715 3.958224437174284 0
1756822867043 3.958224437174284 0
