1756820989445 9.797871117757614 0
1756821051662 7.60918759315578 0
1756821081620 5.266979429230477 0
1756821114287 5.266979429230477 0
1756821802726 5.266979429230477 0
1756821829325 5.266979429230477 0
1756821844504 5.266979429230477 0
1756821872458 5.266979429230477 0
1756822251569 5.266979429230477 0
1756822281228 5.266979429230477 0
1756822288630 5.266979429230477 0
1756822319980 5.266979429230477 0
1756822629570 5.266979429230477 0
1756822730534 5.266979429230477 0
1756822746715 5.266979429230477 0
1756822867043 5.266979429230477 0
