1756820989445 2.7286107831173796 0
1756821051662 5.3516019194105295 0
1756821081620 2.1962551628627787 0
1756821114287 2.1962551628627787 0
1756821802726 2.1962551628627787 0
1756821829325 2.1962551628627787 0
1756821844504 2.1962551628627787 0
1756821872458 2.1962551628627787 0
1756822251569 2.1962551628627787 0
1756822281228 2.1962551628627787 0
1756822288630 2.1962551628627787 0
1756822319980 2.1962551628627787 0
1756822629570 2.1962551628627787 0
1756822730534 2.1962551628627787 0
1756822746715 2.1962551628627787 0
1756822867043 2.1962551628627787 0
