1756663595632 -0.17908349820554248 0
1756663676351 -0.03986951335216338 0
1756663724038 -0.03986951335216338 0
1756663785298 0.010576602572637372 0
1756664806946 0.12475077340919705 0
1756665224435 0.12475077340919705 0
1756665257481 0.12475077340919705 0
1756665658474 0.12475077340919705 0
1756670025520 0.12475077340919705 0
1756670041808 0.12475077340919705 0
1756670054971 0.12475077340919705 0
1756670074208 0.12475077340919705 0
1756670347192 0.12475077340919705 0
1756670393735 0.12475077340919705 0
1756670423440 0.12475077340919705 0
1756670500457 0.12475077340919705 0
