1757494112536 1701967.5671213218 0
1757494260377 1701969.1882920153 0
1757494301691 1701969.1882920153 0
1757494374417 1701969.1882920153 0
1757497009634 1701967.1603611752 0
1757497541351 1701969.6091769433 0
1757497575680 1701969.6091769433 0
1757498153015 1701969.936404427 0
1757500318263 1701969.936404427 0
1757500336716 1701973.9147949798 0
1757500355060 1701973.9147949798 0
1757500374098 1701973.9147949798 0
1757501089658 1701973.9147949798 0
1757501209347 1701972.5142097585 0
1757501249513 1701972.5142097585 0
1757501425594 1701972.8937218054 0
