1756719309048 21.25667218292874 0
1756719351910 21.25667218292874 0
1756719408133 21.25667218292874 0
1756719501192 21.25667218292874 0
1756720976468 21.25667218292874 0
1756721447242 21.25667218292874 0
1756721485094 21.25667218292874 0
1756721928163 21.25667218292874 0
1756724560564 21.25667218292874 0
1756724575578 21.25667218292874 0
1756724589853 21.25667218292874 0
1756724609268 21.20142717625859 0
1756725052372 21.20142717625859 0
1756725145901 21.20142717625859 0
1756725176531 21.20142717625859 0
1756725327628 21.20142717625859 0
