1756719309048 0.028291940443106345 0
1756719351910 0.028291940443106345 0
1756719408133 0.028291940443106345 0
1756719501192 0.028291940443106345 0
1756720976468 0.028291940443106345 0
1756721447242 0.028291940443106345 0
1756721485094 0.028291940443106345 0
1756721928163 0.028291940443106345 0
1756724560564 0.028291940443106345 0
1756724575578 0.028291940443106345 0
1756724589853 0.028291940443106345 0
1756724609268 0.09372450993791925 0
1756725052372 0.09372450993791925 0
1756725145901 0.09372450993791925 0
1756725176531 0.09372450993791925 0
1756725327628 0.09372450993791925 0
