1756719309048 1.6126888164513975 0
1756719351910 1.6126888164513975 0
1756719408133 1.6126888164513975 0
1756719501192 1.6126888164513975 0
1756720976468 1.6126888164513975 0
1756721447242 1.6126888164513975 0
1756721485094 1.6126888164513975 0
1756721928163 1.6126888164513975 0
1756724560564 1.6126888164513975 0
1756724575578 1.6126888164513975 0
1756724589853 1.6126888164513975 0
1756724609268 1.5574452524200377 0
1756725052372 1.5574452524200377 0
1756725145901 1.5574452524200377 0
1756725176531 1.5574452524200377 0
1756725327628 1.5574452524200377 0
