1756222415626 -25185.90273450272 0
1756222493103 -25185.90273450272 0
1756222523073 -25185.90273450272 0
1756222563009 -25249.001689490655 0
1756222939988 -25249.001689490655 0
1756222968885 -25249.001689490655 0
1756222987715 -25249.001689490655 0
1756223019111 -25249.001689490655 0
1756223324203 -25249.001689490655 0
1756223353731 -25249.001689490655 0
1756223361214 -25249.001689490655 0
1756223389251 -25249.001689490655 0
1756224554958 -25249.001689490655 0
1756224674075 -25249.001689490655 0
1756224692903 -25249.001689490655 0
1756224825837 -25249.001689490655 0
