1756222415626 24.62828301665279 0
1756222493103 24.62828301665279 0
1756222523073 24.62828301665279 0
1756222563009 26.696259518846833 0
1756222939988 26.696259518846833 0
1756222968885 26.696259518846833 0
1756222987715 26.696259518846833 0
1756223019111 26.696259518846833 0
1756223324203 26.696259518846833 0
1756223353731 26.696259518846833 0
1756223361214 26.696259518846833 0
1756223389251 26.696259518846833 0
1756224554958 26.696259518846833 0
1756224674075 26.696259518846833 0
1756224692903 26.696259518846833 0
1756224825837 26.696259518846833 0
