1756742153710 -3.3476088435467743 0
1756742189580 -3.3476088435467743 0
1756742242159 -3.3476088435467743 0
1756742396482 -3.3476088435467743 0
1756763073057 -3.3476088435467743 0
1756763445383 -3.3476088435467743 0
1756763477111 -3.3476088435467743 0
1756763788119 -3.3476088435467743 0
1756764906293 -3.3476088435467743 0
1756764920455 -3.3476088435467743 0
1756764933498 -3.3476088435467743 0
1756764948633 -3.3476088435467743 0
1756765693907 -3.3476088435467743 0
1756765778670 -3.3476088435467743 0
1756765806744 -1.5360416426114294 0
1756765915000 -1.5360416426114294 0
