1756742153710 1.422727805330657 0
1756742189580 1.422727805330657 0
1756742242159 1.422727805330657 0
1756742396482 1.422727805330657 0
1756763073057 1.422727805330657 0
1756763445383 1.422727805330657 0
1756763477111 1.422727805330657 0
1756763788119 1.422727805330657 0
1756764906293 1.422727805330657 0
1756764920455 1.422727805330657 0
1756764933498 1.422727805330657 0
1756764948633 1.422727805330657 0
1756765693907 1.422727805330657 0
1756765778670 1.422727805330657 0
1756765806744 1.2447249841308592 0
1756765915000 1.2447249841308592 0
