1756742153710 0.010894539969351746 0
1756742189580 0.010894539969351746 0
1756742242159 0.010894539969351746 0
1756742396482 0.010894539969351746 0
1756763073057 0.010894539969351746 0
1756763445383 0.010894539969351746 0
1756763477111 0.010894539969351746 0
1756763788119 0.010894539969351746 0
1756764906293 0.010894539969351746 0
1756764920455 0.010894539969351746 0
1756764933498 0.010894539969351746 0
1756764948633 0.010894539969351746 0
1756765693907 0.010894539969351746 0
1756765778670 0.010894539969351746 0
1756765806744 0.017664331518556287 0
1756765915000 0.017664331518556287 0
