1756596199899 2.2212224773200635 0
1756596265502 6.500340530534798 0
1756596290433 6.500340530534798 0
1756596313861 3.7631722212229177 0
1756596688297 2.603547169811316 0
1756596717403 2.745962264150943 0
1756596732849 2.745962264150943 0
1756596762410 2.745962264150943 0
1756597082995 2.745962264150943 0
1756597113876 2.745962264150943 0
1756597121330 2.745962264150943 0
1756597153490 2.745962264150943 0
1756598397455 2.745962264150943 0
1756598515315 3.1775956543736488 0
1756598533099 3.1775956543736488 0
1756598669160 3.1775956543736488 0
1756599688476 3.1775956543736488 0
