1756596199899 3.2628498716636813 0
1756596265502 7.631246910593175 0
1756596290433 7.631246910593175 0
1756596313861 4.8575003187876185 0
1756596688297 3.367397272015671 0
1756596717403 3.519597559094991 0
1756596732849 3.519597559094991 0
1756596762410 3.519597559094991 0
1756597082995 3.519597559094991 0
1756597113876 3.519597559094991 0
1756597121330 3.519597559094991 0
1756597153490 3.519597559094991 0
1756598397455 3.519597559094991 0
1756598515315 3.972690427877878 0
1756598533099 3.972690427877878 0
1756598669160 3.972690427877878 0
1756599688476 3.972690427877878 0
