1757319383867 -80.84712251221107 0
1757319452682 -139.3294865479496 0
1757319478354 -139.3294865479496 0
1757319503340 -76.51061494099885 0
1757319897962 -65.69576011107527 0
1757319925084 -72.70140912983871 0
1757319943391 -72.70140912983871 0
1757319970771 -72.70140912983871 0
1757320256497 -72.70140912983871 0
1757320284238 -72.70140912983871 0
1757320294194 -72.70140912983871 0
1757320326610 -72.70140912983871 0
1757321658616 -68.70785908617019 0
1757321780189 -68.70785908617019 0
1757321799417 -68.70785908617019 0
1757321936009 -68.70785908617019 0
