1757319383867 -6517.916429735043 0
1757319452682 -0.6449964708603844 0
1757319478354 -0.6449964708603844 0
1757319503340 -0.4352014106488069 0
1757319897962 -0.21398013285399298 0
1757319925084 -0.16220052482499647 0
1757319943391 -0.16220052482499647 0
1757319970771 -0.16220052482499647 0
1757320256497 -0.16220052482499647 0
1757320284238 -0.16220052482499647 0
1757320294194 -0.16220052482499647 0
1757320326610 -0.16220052482499647 0
1757321658616 -0.1263300530080309 0
1757321780189 -0.1263300530080309 0
1757321799417 -0.1263300530080309 0
1757321936009 -0.1263300530080309 0
