1757319383867 -4611.423232132639 0
1757319452682 0.2013962364700974 0
1757319478354 0.2013962364700974 0
1757319503340 -0.041100885544004484 0
1757319897962 0.8752575570694 0
1757319925084 0.5557487754454026 0
1757319943391 0.5557487754454026 0
1757319970771 0.5557487754454026 0
1757320256497 0.5557487754454026 0
1757320284238 0.5557487754454026 0
1757320294194 0.5557487754454026 0
1757320326610 0.5557487754454026 0
1757321658616 0.7027919736019274 0
1757321780189 0.7027919736019274 0
1757321799417 0.7027919736019274 0
1757321936009 0.7027919736019274 0
