1756202989069 555.8167289040215 0
1756203073387 450.4363058707142 0
1756203165642 450.4363058707142 0
1756203316729 450.4363058707142 0
1756204078627 447.2150117132907 0
1756204106217 437.94439298717623 0
1756204121967 437.94439298717623 0
1756204149880 437.94439298717623 0
1756204452768 437.94439298717623 0
1756204478443 437.94439298717623 0
1756204485276 437.94439298717623 0
1756204512253 437.94439298717623 0
1756205514032 437.94439298717623 0
1756205637656 437.94439298717623 0
1756205655026 437.94439298717623 0
1756205797252 437.94439298717623 0
1756207222164 437.94439298717623 0
1756207315817 437.94439298717623 0
1756207378826 437.94439298717623 0
1756207522599 437.94439298717623 0
1756210965412 437.94439298717623 0
1756211353852 437.94439298717623 0
1756211383370 437.94439298717623 0
1756211675824 437.94439298717623 0
1756212951212 437.94439298717623 0
1756212968437 409.63547819982585 0
1756212984583 409.63547819982585 0
1756213002722 409.63547819982585 0
1756214393774 409.63547819982585 0
1756214500355 409.63547819982585 0
1756214549776 409.63547819982585 0
1756214881545 409.63547819982585 0
