1756202989069 230565.1017768896 0
1756203073387 233535.35061414036 0
1756203165642 233535.35061414036 0
1756203316729 233535.35061414036 0
1756204078627 21978.28834964844 0
1756204106217 91546.8747703125 0
1756204121967 91546.8747703125 0
1756204149880 91546.8747703125 0
1756204452768 91546.8747703125 0
1756204478443 91546.8747703125 0
1756204485276 91546.8747703125 0
1756204512253 91546.8747703125 0
1756205514032 91546.8747703125 0
1756205637656 91546.8747703125 0
1756205655026 91546.8747703125 0
1756205797252 91546.8747703125 0
1756207222164 91546.8747703125 0
1756207315817 91546.8747703125 0
1756207378826 91546.8747703125 0
1756207522599 91546.8747703125 0
1756210965412 91546.8747703125 0
1756211353852 91546.8747703125 0
1756211383370 91546.8747703125 0
1756211675824 91546.8747703125 0
1756212951212 91546.8747703125 0
