1757407122645 3.361800547123583 0
1757407192907 3.361800547123583 0
1757407216061 3.3618005471235812 0
1757407235743 2.825110006023838 0
1757407680159 2.825110006023838 0
1757407713922 2.825110006023838 0
1757407731495 2.825110006023838 0
1757407769137 2.825110006023838 0
1757408268504 2.825110006023838 0
1757408316911 2.825110006023838 0
1757408325800 2.825110006023838 0
1757408374931 2.825110006023838 0
1757409087803 2.825110006023838 0
1757409148726 2.825110006023838 0
1757409164141 2.825110006023838 0
1757409239376 2.825110006023838 0
