1756241258622 -38.90281654323085 0
1756241302199 -38.90281654323085 0
1756241334683 -38.90281654323085 0
1756241503318 -38.90281654323085 0
1756244756269 -42.48780983816605 0
1756245094255 -42.48780983816605 0
1756245126982 -42.366036236893805 0
1756245434710 -42.366036236893805 0
1756245714815 -42.366036236893805 0
1756245731640 -42.366036236893805 0
1756245747124 -42.366036236893805 0
1756245766199 -42.366036236893805 0
1756247111782 -42.366036236893805 0
1756247213673 -42.366036236893805 0
1756247244784 -42.83520823458952 0
1756247366586 -42.83520823458952 0
