1756241258622 4.891113875829497 0
1756241302199 4.891113875829497 0
1756241334683 4.891113875829497 0
1756241503318 4.891113875829497 0
1756244756269 4.860730550334869 0
1756245094255 4.860730550334869 0
1756245126982 4.85927478913351 0
1756245434710 4.85927478913351 0
1756245714815 4.85927478913351 0
1756245731640 4.85927478913351 0
1756245747124 4.85927478913351 0
1756245766199 4.85927478913351 0
1756247111782 4.85927478913351 0
1756247213673 4.85927478913351 0
1756247244784 4.8580765914917 0
1756247366586 4.8580765914917 0
