1756241258622 15.319127659432342 0
1756241302199 15.319127659432342 0
1756241334683 15.319127659432342 0
1756241503318 15.319127659432342 0
1756244756269 15.658144546869504 0
1756245094255 15.658144546869504 0
1756245126982 15.636865196053797 0
1756245434710 15.636865196053797 0
1756245714815 15.636865196053797 0
1756245731640 15.636865196053797 0
1756245747124 15.636865196053797 0
1756245766199 15.636865196053797 0
1756247111782 15.636865196053797 0
1756247213673 15.636865196053797 0
1756247244784 15.57882400909659 0
1756247366586 15.57882400909659 0
