1756241258622 6.6579981262726315 0
1756241302199 6.6579981262726315 0
1756241334683 6.6579981262726315 0
1756241503318 6.6579981262726315 0
1756244756269 6.602031257789217 0
1756245094255 6.602031257789217 0
1756245126982 6.585512387142103 0
1756245434710 6.585512387142103 0
1756245714815 6.585512387142103 0
1756245731640 6.585512387142103 0
1756245747124 6.585512387142103 0
1756245766199 6.585512387142103 0
1756247111782 6.585512387142103 0
1756247213673 6.585512387142103 0
1756247244784 6.519785535574633 0
1756247366586 6.519785535574633 0
