1756633495376 4.2755790508189 0
1756633556515 3.152009662635494 0
1756633582490 3.152009662635494 0
1756633625615 5.197422897737537 0
1756634196492 2.0074344542925306 0
1756634224986 2.9869577879081675 0
1756634240411 2.9869577879081675 0
1756634269470 2.9869577879081675 0
1756634627724 2.9869577879081675 0
1756634654534 2.9869577879081675 0
1756634662098 2.9869577879081675 0
1756634690672 2.9869577879081675 0
1756635204195 2.9869577879081675 0
1756635331535 2.9869577879081675 0
1756635348152 2.9869577879081675 0
1756635493120 2.9869577879081675 0
