1756646300892 5.7097591491282085 0
1756646368394 4.085799517595545 0
1756646395593 2.2602391057179787 0
1756646419292 3.5922048678833236 0
1756646848995 2.543936003512036 0
1756646875782 2.543936003512036 0
1756646891162 2.543936003512036 0
1756646917868 2.543936003512036 0
1756647215847 2.543936003512036 0
1756647239304 2.543936003512036 0
1756647246509 2.543936003512036 0
1756647271482 2.543936003512036 0
1756648131387 2.1384861696634836 0
1756648238873 2.1384861696634836 0
1756648255932 2.1384861696634836 0
1756648385545 2.1384861696634836 0
1756649488301 2.1384861696634836 0
1756649534159 2.1384861696634836 0
1756649578493 2.1384861696634836 0
1756649635148 2.1384861696634836 0
1756652563499 2.1384861696634836 0
1756652842963 2.1384861696634836 0
1756652871030 2.1384861696634836 0
1756653291872 2.1384861696634836 0
