1757319112155 -41.655029654210644 0
1757319169216 -41.655029654210644 0
1757319194352 -41.655029654210644 0
1757319221856 -41.655029654210644 0
1757319718418 -8.422471313920443 0
1757319749701 -8.422471313920443 0
1757319767005 -8.422471313920443 0
1757319797989 -8.422471313920443 0
1757320106928 -8.422471313920443 0
1757320135598 -8.422471313920443 0
1757320143170 -8.422471313920443 0
1757320175713 -8.422471313920443 0
1757320992718 -8.422471313920443 0
1757321143376 -8.422471313920443 0
1757321161879 -8.422471313920443 0
1757321328460 -8.422471313920443 0
