1757319112155 6.454070781623846 0
1757319169216 6.454070781623846 0
1757319194352 6.454070781623846 0
1757319221856 6.454070781623846 0
1757319718418 2.9021494299777957 0
1757319749701 2.9021494299777957 0
1757319767005 2.9021494299777957 0
1757319797989 2.9021494299777957 0
1757320106928 2.9021494299777957 0
1757320135598 2.9021494299777957 0
1757320143170 2.9021494299777957 0
1757320175713 2.9021494299777957 0
1757320992718 2.9021494299777957 0
1757321143376 2.9021494299777957 0
1757321161879 2.9021494299777957 0
1757321328460 2.9021494299777957 0
