1757319247900 8.113430454139166 0
1757319308887 6.670916038659629 0
1757319334935 5.92820259728187 0
1757319358509 5.92820259728187 0
1757319813480 4.261360674055479 0
1757319839488 4.507324999999999 0
1757319855298 4.507324999999999 0
1757319882361 4.507324999999999 0
1757320183470 4.507324999999999 0
1757320209059 4.507324999999999 0
1757320218519 4.507324999999999 0
1757320248740 4.507324999999999 0
1757321354233 4.507324999999999 0
1757321486024 4.411428394317627 0
1757321503902 4.411428394317627 0
1757321640474 4.411428394317627 0
