1757319247900 0.7017306075034029 0
1757319308887 0.6402522031987712 0
1757319334935 0.5508960577591071 0
1757319358509 0.5508960577591071 0
1757319813480 0.9151341019883522 0
1757319839488 0.7227127314547817 0
1757319855298 0.7227127314547817 0
1757319882361 0.7227127314547817 0
1757320183470 0.7227127314547817 0
1757320209059 0.7227127314547817 0
1757320218519 0.7227127314547817 0
1757320248740 0.7227127314547817 0
1757321354233 0.7227127314547817 0
1757321486024 0.9472992344601958 0
1757321503902 0.9472992344601958 0
1757321640474 0.9472992344601958 0
