1756802988327 -5.146000364966044 0
1756803111118 -3.751359582605713 0
1756803191705 -3.397448077176917 0
1756803267768 -3.397448077176917 0
1756804415306 -2.9974052555388857 0
1756804808470 -2.9974052555388857 0
1756804847356 -2.9974052555388857 0
1756805350320 -2.9974052555388857 0
1756808830990 -3.0125236943956986 0
1756808849121 -3.0125236943956986 0
1756808862040 -3.035813765270967 0
1756808877452 -3.035813765270967 0
1756809167276 -3.035813765270967 0
1756809237941 -3.035813765270967 0
1756809261255 -2.9978089221697823 0
1756809368787 -3.19186358973736 0
