1757318828169 0.15328360149183262 0
1757318901879 0.15328360149183262 0
1757318927756 0.15916211290089044 0
1757318953973 0.3046406716326975 0
1757319518899 0.3523785336130869 0
1757319544754 0.36908627494809565 0
1757319569780 0.36908627494809565 0
1757319604209 0.36908627494809565 0
1757319977869 0.36908627494809565 0
1757320000171 0.36908627494809565 0
1757320007312 0.36908627494809565 0
1757320033222 0.36908627494809565 0
1757320345714 0.36908627494809565 0
1757320467623 0.3779906509408266 0
1757320485554 0.3779906509408266 0
1757320624313 0.3779906509408266 0
