1757318828169 6.62353372413119 0
1757318901879 6.62353372413119 0
1757318927756 6.600501020646983 0
1757318953973 6.002406572962034 0
1757319518899 5.792704628386231 0
1757319544754 5.717494481037068 0
1757319569780 5.717494481037068 0
1757319604209 5.717494481037068 0
1757319977869 5.717494481037068 0
1757320000171 5.717494481037068 0
1757320007312 5.717494481037068 0
1757320033222 5.717494481037068 0
1757320345714 5.717494481037068 0
1757320467623 5.677004292692814 0
1757320485554 5.677004292692814 0
1757320624313 5.677004292692814 0
