1757318828169 5.579479097660606 0
1757318901879 5.579479097660606 0
1757318927756 5.580915713219606 0
1757318953973 5.988166496700479 0
1757319518899 2.363702068335268 0
1757319544754 3.803703628716883 0
1757319569780 3.803703628716883 0
1757319604209 3.803703628716883 0
1757319977869 3.803703628716883 0
1757320000171 3.803703628716883 0
1757320007312 3.803703628716883 0
1757320033222 3.803703628716883 0
1757320345714 3.803703628716883 0
1757320467623 1.8906787199132582 0
1757320485554 1.8906787199132582 0
1757320624313 1.8906787199132582 0
