1757318828169 7.325196160925743 0
1757318901879 7.325196160925743 0
1757318927756 7.326529537280398 0
1757318953973 7.536633312666556 0
1757319518899 2.8847127744799446 0
1757319544754 4.717611273747773 0
1757319569780 4.717611273747773 0
1757319604209 4.717611273747773 0
1757319977869 4.717611273747773 0
1757320000171 4.717611273747773 0
1757320007312 4.717611273747773 0
1757320033222 4.717611273747773 0
1757320345714 4.717611273747773 0
1757320467623 2.417732569678703 0
1757320485554 2.417732569678703 0
1757320624313 2.417732569678703 0
