1756646146571 2.280176486333817 0
1756646213500 2.280176486333817 0
1756646245962 2.280176486333817 0
1756646274027 2.280176486333817 0
1756646761910 2.280176486333817 0
1756646788861 2.0799342105263148 0
1756646804590 2.0799342105263148 0
1756646832670 2.0799342105263148 0
1756647150934 2.0799342105263148 0
1756647175130 2.0799342105263148 0
1756647182085 2.0799342105263148 0
1756647208608 2.0799342105263148 0
1756647859400 2.0799342105263148 0
1756647967801 2.0799342105263148 0
1756647983997 2.0799342105263148 0
1756648114455 2.0799342105263148 0
1756649248159 2.0799342105263148 0
1756649325370 2.0799342105263148 0
1756649390631 2.0799342105263148 0
1756649467279 2.0799342105263148 0
1756651567317 2.0799342105263148 0
1756652058154 2.058794194325698 0
1756652094344 2.058794194325698 0
1756652535465 2.058794194325698 0
1756654138179 2.058794194325698 0
1756654155078 2.058794194325698 0
1756654174733 2.058794194325698 0
1756654191505 2.058794194325698 0
1756654896242 2.058794194325698 0
1756654995449 2.058794194325698 0
1756655038371 2.058794194325698 0
1756655178081 2.058794194325698 0
