1756646146571 5.017816113059039 0
1756646213500 5.017816113059039 0
1756646245962 5.017816113059039 0
1756646274027 5.017816113059039 0
1756646761910 5.017816113059039 0
1756646788861 4.523590182891679 0
1756646804590 4.523590182891679 0
1756646832670 4.523590182891679 0
1756647150934 4.523590182891679 0
1756647175130 4.523590182891679 0
1756647182085 4.523590182891679 0
1756647208608 4.523590182891679 0
1756647859400 4.523590182891679 0
1756647967801 4.523590182891679 0
1756647983997 4.523590182891679 0
1756648114455 4.523590182891679 0
1756649248159 4.523590182891679 0
1756649325370 4.523590182891679 0
1756649390631 4.523590182891679 0
1756649467279 4.523590182891679 0
1756651567317 4.523590182891679 0
1756652058154 4.511555163318029 0
1756652094344 4.511555163318029 0
1756652535465 4.511555163318029 0
1756654138179 4.511555163318029 0
1756654155078 4.511555163318029 0
1756654174733 4.511555163318029 0
1756654191505 4.511555163318029 0
1756654896242 4.511555163318029 0
1756654995449 4.511555163318029 0
1756655038371 4.511555163318029 0
1756655178081 4.511555163318029 0
