1756646146571 -0.012955259442671174 0
1756646213500 -0.012955259442671174 0
1756646245962 -0.012955259442671174 0
1756646274027 -0.012955259442671174 0
1756646761910 -0.012955259442671174 0
1756646788861 0.7734610387514136 0
1756646804590 0.7734610387514136 0
1756646832670 0.7734610387514136 0
1756647150934 0.7734610387514136 0
1756647175130 0.7734610387514136 0
1756647182085 0.7734610387514136 0
1756647208608 0.7734610387514136 0
1756647859400 0.7734610387514136 0
1756647967801 0.7734610387514136 0
1756647983997 0.7734610387514136 0
1756648114455 0.7734610387514136 0
1756649248159 0.7734610387514136 0
1756649325370 0.7734610387514136 0
1756649390631 0.7734610387514136 0
1756649467279 0.7734610387514136 0
1756651567317 0.7734610387514136 0
