1756646146571 3.6476311649542508 0
1756646213500 3.6476311649542508 0
1756646245962 3.6476311649542508 0
1756646274027 3.6476311649542508 0
1756646761910 3.6476311649542508 0
1756646788861 1.7249926072109456 0
1756646804590 1.7249926072109456 0
1756646832670 1.7249926072109456 0
1756647150934 1.7249926072109456 0
1756647175130 1.7249926072109456 0
1756647182085 1.7249926072109456 0
1756647208608 1.7249926072109456 0
1756647859400 1.7249926072109456 0
1756647967801 1.7249926072109456 0
1756647983997 1.7249926072109456 0
1756648114455 1.7249926072109456 0
1756649248159 1.7249926072109456 0
1756649325370 1.7249926072109456 0
1756649390631 1.7249926072109456 0
1756649467279 1.7249926072109456 0
1756651567317 1.7249926072109456 0
