1756277556643 -0.004930878285014166 0
1756277591439 -0.004930878285014166 0
1756277632463 -0.004930878285014166 0
1756277652375 -0.004930878285014166 0
1756278210089 -0.0002758339957386363 0
1756278240861 -0.0002859978115530303 0
1756278258395 -0.0002859978115530303 0
1756278288998 -0.0002859978115530303 0
1756278631326 -0.00026913764709166494 0
1756278663136 -0.00026913764709166494 0
1756278670713 -0.00026913764709166494 0
1756278704050 -0.00026913764709166494 0
1756279146890 -0.00026913764709166494 0
1756279220816 -0.00028776840981446875 0
1756279233968 -0.00028776840981446875 0
1756279315917 -0.00028776840981446875 0
