1756277556643 0.0004147604967823048 0
1756277591439 0.0004147604967823048 0
1756277632463 0.0004147604967823048 0
1756277652375 0.0004147604967823048 0
1756278210089 4.3812039877300924e-05 0
1756278240861 0.00011921549079754603 0
1756278258395 0.00011921549079754603 0
1756278288998 0.00011921549079754603 0
1756278631326 0.0001889804265264388 0
1756278663136 0.0001889804265264388 0
1756278670713 0.0001889804265264388 0
1756278704050 0.0001889804265264388 0
1756279146890 0.0001889804265264388 0
1756279220816 0.00018357923557354162 0
1756279233968 0.00018357923557354162 0
1756279315917 0.00018357923557354162 0
