1756277556643 -0.4436255978998944 0
1756277591439 -0.4436255978998944 0
1756277632463 -0.4436255978998944 0
1756277652375 -0.4436255978998944 0
1756278210089 0.847506735203185 0
1756278240861 0.5850556272434302 0
1756278258395 0.5850556272434302 0
1756278288998 0.5850556272434302 0
1756278631326 0.34223007409791817 0
1756278663136 0.34223007409791817 0
1756278670713 0.34223007409791817 0
1756278704050 0.34223007409791817 0
1756279146890 0.34223007409791817 0
1756279220816 0.3610295923240724 0
1756279233968 0.3610295923240724 0
1756279315917 0.3610295923240724 0
