1757081140643 -0.03266326194849101 0
1757081225084 -0.027906099746858093 0
1757081256135 -0.009907889903420175 0
1757081329048 -0.009907889903420175 0
1757085082914 -0.009907889903420175 0
1757085412452 -0.009907889903420175 0
1757085448597 -0.009907889903420175 0
1757085761425 -0.009907889903420175 0
1757086034957 -0.009907889903420175 0
1757086050042 -0.009907889903420175 0
1757086065691 -0.009907889903420175 0
1757086083262 -0.009907889903420175 0
1757087222048 -0.009907889903420175 0
1757087349668 -0.009907889903420175 0
1757087387912 -0.009907889903420175 0
1757087497697 -0.009907889903420175 0
