1756553016754 6.782448266550276 0
1756553081238 6.782448266550276 0
1756553107046 6.782448261262474 0
1756553132225 4.698220491500976 0
1756553569627 4.68195 0
1756553597928 4.68195 0
1756553613437 4.68195 0
1756553642753 4.68195 0
1756553972418 4.68195 0
1756554003473 4.68195 0
1756554010346 4.68195 0
1756554043530 4.68195 0
1756555026014 4.68195 0
1756555151017 4.68195 0
1756555166935 4.68195 0
1756555310732 4.68195 0
1756556436362 4.68195 0
1756556519318 4.68195 0
1756556555052 4.68195 0
1756556681106 4.689206521769489 0
1756560365147 4.689206521769489 0
1756560734046 4.689206521769489 0
1756560768346 4.689206521769489 0
1756561176826 4.689206521769489 0
1756562326024 4.689206521769489 0
1756562349004 4.689206521769489 0
1756562364328 4.689206521769489 0
1756562383279 4.689206521769489 0
1756563456092 4.689206521769489 0
1756563527371 4.689206521769489 0
1756563557703 4.689206521769489 0
1756563701864 4.689206521769489 0
