1756553016754 11.888956080841016 0
1756553081238 11.888956080841016 0
1756553107046 11.888956071669291 0
1756553132225 8.103047918966025 0
1756553569627 8.315675842462403 0
1756553597928 8.315675842462403 0
1756553613437 8.315675842462403 0
1756553642753 8.315675842462403 0
1756553972418 8.315675842462403 0
1756554003473 8.315675842462403 0
1756554010346 8.315675842462403 0
1756554043530 8.315675842462403 0
1756555026014 8.315675842462403 0
1756555151017 8.315675842462403 0
1756555166935 8.315675842462403 0
1756555310732 8.315675842462403 0
1756556436362 8.315675842462403 0
1756556519318 8.315675842462403 0
1756556555052 8.315675842462403 0
1756556681106 8.159704315641351 0
1756560365147 8.159704315641351 0
1756560734046 8.159704315641351 0
1756560768346 8.159704315641351 0
1756561176826 8.159704315641351 0
1756562326024 8.159704315641351 0
1756562349004 8.159704315641351 0
1756562364328 8.159704315641351 0
1756562383279 8.159704315641351 0
1756563456092 8.159704315641351 0
1756563527371 8.159704315641351 0
1756563557703 8.159704315641351 0
1756563701864 8.159704315641351 0
