1756553016754 -1.7205968862354348 0
1756553081238 -1.7205968862354348 0
1756553107046 -1.7205968855543028 0
1756553132225 -0.05499422827164868 0
1756553569627 -0.03703475802665257 0
1756553597928 -0.03703475802665257 0
1756553613437 -0.03703475802665257 0
1756553642753 -0.03703475802665257 0
1756553972418 -0.03703475802665257 0
1756554003473 -0.03703475802665257 0
1756554010346 -0.03703475802665257 0
1756554043530 -0.03703475802665257 0
1756555026014 -0.03703475802665257 0
1756555151017 -0.03703475802665257 0
1756555166935 -0.03703475802665257 0
1756555310732 -0.03703475802665257 0
1756556436362 -0.03703475802665257 0
1756556519318 -0.03703475802665257 0
1756556555052 -0.03703475802665257 0
1756556681106 -0.02465726021069936 0
1756560365147 -0.02465726021069936 0
1756560734046 -0.02465726021069936 0
1756560768346 -0.02465726021069936 0
1756561176826 -0.02465726021069936 0
1756562326024 -0.02465726021069936 0
1756562349004 -0.02465726021069936 0
1756562364328 -0.02465726021069936 0
1756562383279 -0.02465726021069936 0
1756563456092 -0.02465726021069936 0
1756563527371 -0.02465726021069936 0
1756563557703 -0.02465726021069936 0
1756563701864 -0.02465726021069936 0
