1756553016754 -32.10615218113279 0
1756553081238 -32.10615218113279 0
1756553107046 -32.106152167131164 0
1756553132225 -47.5154435074267 0
1756553569627 -8.73200450043484 0
1756553597928 -8.73200450043484 0
1756553613437 -8.73200450043484 0
1756553642753 -8.73200450043484 0
1756553972418 -8.73200450043484 0
1756554003473 -8.73200450043484 0
1756554010346 -8.73200450043484 0
1756554043530 -8.73200450043484 0
1756555026014 -8.73200450043484 0
1756555151017 -8.73200450043484 0
1756555166935 -8.73200450043484 0
1756555310732 -8.73200450043484 0
1756556436362 -8.73200450043484 0
1756556519318 -8.73200450043484 0
1756556555052 -8.73200450043484 0
