1756553016754 5.666229097127365 0
1756553081238 5.666229097127365 0
1756553107046 5.666229095891832 0
1756553132225 6.893144674778465 0
1756553569627 2.9549965313744178 0
1756553597928 2.9549965313744178 0
1756553613437 2.9549965313744178 0
1756553642753 2.9549965313744178 0
1756553972418 2.9549965313744178 0
1756554003473 2.9549965313744178 0
1756554010346 2.9549965313744178 0
1756554043530 2.9549965313744178 0
1756555026014 2.9549965313744178 0
1756555151017 2.9549965313744178 0
1756555166935 2.9549965313744178 0
1756555310732 2.9549965313744178 0
1756556436362 2.9549965313744178 0
1756556519318 2.9549965313744178 0
1756556555052 2.9549965313744178 0
