1756463917554 0.3949426752700382 0
1756463965348 0.3949426752700382 0
1756464002529 0.36941759179535794 0
1756464051759 0.36941759179535794 0
1756467349577 0.35970517962213144 0
1756467770530 0.35970517962213144 0
1756467801716 0.35885984907916124 0
1756468180316 0.35885984907916124 0
1756469109443 0.35885984907916124 0
1756469123473 0.35885984907916124 0
1756469135979 0.35885984907916124 0
1756469151249 0.35885984907916124 0
1756469879082 0.35885984907916124 0
1756469944649 0.35885984907916124 0
1756469968146 0.35885984907916124 0
1756470075932 0.35885984907916124 0
