1756463917554 -0.03597746948191971 0
1756463965348 -0.03597746948191971 0
1756464002529 0.01843991270273193 0
1756464051759 0.01843991270273193 0
1756467349577 0.04258782905906788 0
1756467770530 0.04258782905906788 0
1756467801716 0.045297096323982045 0
1756468180316 0.045297096323982045 0
1756469109443 0.045297096323982045 0
1756469123473 0.045297096323982045 0
1756469135979 0.045297096323982045 0
1756469151249 0.045297096323982045 0
1756469879082 0.045297096323982045 0
1756469944649 0.045297096323982045 0
1756469968146 0.045297096323982045 0
1756470075932 0.045297096323982045 0
