1756463917554 0.8863389148812408 0
1756463965348 0.8863389148812408 0
1756464002529 0.862746304235074 0
1756464051759 0.862746304235074 0
1756467349577 0.8520677624829652 0
1756467770530 0.8520677624829652 0
1756467801716 0.850861325587605 0
1756468180316 0.850861325587605 0
1756469109443 0.850861325587605 0
1756469123473 0.850861325587605 0
1756469135979 0.850861325587605 0
1756469151249 0.850861325587605 0
1756469879082 0.850861325587605 0
1756469944649 0.850861325587605 0
1756469968146 0.850861325587605 0
1756470075932 0.850861325587605 0
