1756646446787 -24.378762791844977 0
1756646522546 -39.65635288125303 0
1756646551467 -39.65635288125303 0
1756646575786 -7.020669682263926 0
1756646934219 -7.020669682263926 0
1756646961331 -7.020669682263926 0
1756646977701 -7.020669682263926 0
1756647004585 -7.020669682263926 0
1756647279008 -7.659767857142856 0
1756647304011 -7.659767857142856 0
1756647311519 -7.659767857142856 0
1756647337845 -7.659767857142856 0
1756648404147 -7.659767857142856 0
1756648517254 -7.659767857142856 0
1756648534792 -7.659767857142856 0
1756648671652 -7.659767857142856 0
1756649688478 -7.659767857142856 0
1756649759997 -7.659767857142856 0
1756649811269 -7.659767857142856 0
1756649972138 -7.659767857142856 0
1756653327159 -7.659767857142856 0
1756653634562 -7.659767857142856 0
1756653672686 -7.659767857142856 0
1756653993329 -7.659767857142856 0
1756654271338 -7.659767857142856 0
1756654287086 -7.659767857142856 0
1756654301704 -7.659767857142856 0
1756654317301 -7.659767857142856 0
1756655448732 -7.659767857142856 0
1756655520272 -7.659767857142856 0
1756655544159 -7.659767857142856 0
1756655631324 -7.659767857142856 0
