1756646446787 14.587559359270319 0
1756646522546 11.18921189864647 0
1756646551467 11.18921189864647 0
1756646575786 9.61853336675696 0
1756646934219 9.61853336675696 0
1756646961331 9.61853336675696 0
1756646977701 9.61853336675696 0
1756647004585 9.61853336675696 0
1756647279008 9.364793660679487 0
1756647304011 9.364793660679487 0
1756647311519 9.364793660679487 0
1756647337845 9.364793660679487 0
1756648404147 9.364793660679487 0
1756648517254 9.364793660679487 0
1756648534792 9.364793660679487 0
1756648671652 9.364793660679487 0
1756649688478 9.364793660679487 0
1756649759997 9.364793660679487 0
1756649811269 9.364793660679487 0
1756649972138 9.364793660679487 0
1756653327159 9.364793660679487 0
1756653634562 9.364793660679487 0
1756653672686 9.364793660679487 0
1756653993329 9.364793660679487 0
1756654271338 9.364793660679487 0
1756654287086 9.364793660679487 0
1756654301704 9.364793660679487 0
1756654317301 9.364793660679487 0
1756655448732 9.364793660679487 0
1756655520272 9.364793660679487 0
1756655544159 9.364793660679487 0
1756655631324 9.364793660679487 0
