1756646446787 8.157484125478513 0
1756646522546 6.41009328811013 0
1756646551467 6.41009328811013 0
1756646575786 5.606496339134977 0
1756646934219 5.606496339134977 0
1756646961331 5.606496339134977 0
1756646977701 5.606496339134977 0
1756647004585 5.606496339134977 0
1756647279008 5.474173127383845 0
1756647304011 5.474173127383845 0
1756647311519 5.474173127383845 0
1756647337845 5.474173127383845 0
1756648404147 5.474173127383845 0
1756648517254 5.474173127383845 0
1756648534792 5.474173127383845 0
1756648671652 5.474173127383845 0
1756649688478 5.474173127383845 0
1756649759997 5.474173127383845 0
1756649811269 5.474173127383845 0
1756649972138 5.474173127383845 0
1756653327159 5.474173127383845 0
1756653634562 5.474173127383845 0
1756653672686 5.474173127383845 0
1756653993329 5.474173127383845 0
1756654271338 5.474173127383845 0
1756654287086 5.474173127383845 0
1756654301704 5.474173127383845 0
1756654317301 5.474173127383845 0
1756655448732 5.474173127383845 0
1756655520272 5.474173127383845 0
1756655544159 5.474173127383845 0
1756655631324 5.474173127383845 0
