1756674101562 -0.013815193651784297 0
1756674143665 -0.013815193651784297 0
1756674166256 -0.013815193651778968 0
1756674185857 -0.013815193651778968 0
1756674650886 -0.013815193651778968 0
1756674680755 -0.013815193651778968 0
1756674696458 -0.013815193651778968 0
1756674726437 -0.013815193651778968 0
1756675065934 -0.013815193651778968 0
1756675100428 -0.013815193651778968 0
1756675107673 -0.013815193651778968 0
1756675143584 -0.013815193651778968 0
1756675606083 -0.013815193651778968 0
1756675722214 -0.013815193651778968 0
1756675739162 -0.013815193651778968 0
1756675873362 -0.013815193651778968 0
