1756277389961 0.042103443161485524 0
1756277440114 0.042103443161485524 0
1756277497097 0.04210344316148551 0
1756277515256 0.013992937245427986 0
1756278126429 0.007358552631578948 0
1756278150779 0.006588815789473683 0
1756278165956 0.006588815789473683 0
1756278192945 0.006588815789473683 0
1756278564762 0.005526315789473685 0
1756278589320 0.005526315789473685 0
1756278596054 0.005526315789473685 0
1756278624213 0.005526315789473685 0
1756278977802 0.005526315789473685 0
1756279034956 0.005526315789473685 0
1756279050006 0.005526315789473685 0
1756279129298 0.005526315789473685 0
