1756727157059 0.25780790676152543 0
1756727211844 0.44845159690272507 0
1756727236166 0.44845159690272507 0
1756727255483 0.4968433077694519 0
1756727700369 0.4968433077694519 0
1756727727801 0.4968433077694519 0
1756727743071 0.4968433077694519 0
1756727771131 0.4968433077694519 0
1756728144023 0.4968433077694519 0
1756728172822 0.4968433077694519 0
1756728179751 0.4968433077694519 0
1756728209465 0.4968433077694519 0
1756728553472 0.4968433077694519 0
1756728660828 0.4968433077694519 0
1756728677081 0.4968433077694519 0
1756728800696 0.4968433077694519 0
1756730008322 0.4968433077694519 0
1756730074261 0.4968433077694519 0
1756730118012 0.4968433077694519 0
