1757409443092 15.056691913673381 0
1757409474690 15.056691913673381 0
1757409495058 15.056691913673381 0
1757409520592 15.056691913673381 0
1757412003302 22.352209512527278 0
1757412687716 22.704318526737495 0
1757412725152 22.704318526737495 0
1757413326956 22.704318526737495 0
1757415861093 22.704318526737495 0
1757415891998 22.704318526737495 0
1757415906837 22.704318526737495 0
1757415937928 22.704318526737495 0
1757416641494 22.704318526737495 0
1757416736049 22.704318526737495 0
1757416760573 22.704318526737495 0
1757416876269 22.704318526737495 0
