1756973154139 -0.2720037875815937 0
1756973225502 -0.2720037875815937 0
1756973262738 -0.27200378758159127 0
1756973321846 -0.056287609016542506 0
1756973906270 -0.01861954156556256 0
1756973935556 0.11922215437791872 0
1756973953381 0.11922215437791872 0
1756973982938 0.11922215437791872 0
1756974318174 0.11922215437791872 0
1756974346885 0.11922215437791872 0
1756974354808 0.11922215437791872 0
1756974385568 0.11922215437791872 0
1756975167164 0.11922215437791872 0
1756975302987 0.11922215437791872 0
1756975320929 0.11922215437791872 0
1756975488198 0.11922215437791872 0
