1756973154139 74.93237679320008 0
1756973225502 74.93237679320008 0
1756973262738 74.93237679319999 0
1756973321846 68.2835982770265 0
1756973906270 67.05502176690956 0
1756973935556 62.35316418166582 0
1756973953381 62.35316418166582 0
1756973982938 62.35316418166582 0
1756974318174 62.35316418166582 0
1756974346885 62.35316418166582 0
1756974354808 62.35316418166582 0
1756974385568 62.35316418166582 0
1756975167164 62.35316418166582 0
1756975302987 62.35316418166582 0
1756975320929 62.35316418166582 0
1756975488198 62.35316418166582 0
