1756973154139 2086.4338515635213 0
1756973225502 2086.4338515635213 0
1756973262738 2086.4338515635227 0
1756973321846 1943.1214446882516 0
1756973906270 929.5676464984944 0
1756973935556 952.2079403290661 0
1756973953381 952.2079403290661 0
1756973982938 952.2079403290661 0
1756974318174 952.2079403290661 0
1756974346885 952.2079403290661 0
1756974354808 952.2079403290661 0
1756974385568 952.2079403290661 0
1756975167164 952.2079403290661 0
1756975302987 952.2079403290661 0
1756975320929 952.2079403290661 0
1756975488198 952.2079403290661 0
