1757516017396 -287338.2196196863 0
1757516125013 -287338.2196196863 0
1757516224092 -287338.2196196863 0
1757516370004 -287338.2196196863 0
1757518309454 -287338.2196196863 0
1757518334855 -287338.2196196863 0
1757518350323 -287338.2196196863 0
1757518378757 -287338.2196196863 0
1757518740216 -287338.2196196863 0
1757518764705 -287338.2196196863 0
1757518771931 -287338.2196196863 0
1757518798109 -287338.2196196863 0
1757519096736 -287338.2196196863 0
1757519206356 -287338.2196196863 0
1757519222240 -287338.2196196863 0
1757519348416 -287338.2196196863 0
1757520610198 -287338.2196196863 0
