1757516017396 -249380.63049423002 0
1757516125013 -249380.63049423002 0
1757516224092 -249380.63049423002 0
1757516370004 -249380.63049423002 0
1757518309454 -249380.63049423002 0
1757518334855 -249380.63049423002 0
1757518350323 -249380.63049423002 0
1757518378757 -249380.63049423002 0
1757518740216 -249380.63049423002 0
1757518764705 -249380.63049423002 0
1757518771931 -249380.63049423002 0
1757518798109 -249380.63049423002 0
1757519096736 -249380.63049423002 0
1757519206356 -249380.63049423002 0
1757519222240 -249380.63049423002 0
1757519348416 -249380.63049423002 0
1757520610198 -249380.63049423002 0
