1756277679457 -0.01747871352537792 0
1756277723418 -0.05123773928495039 0
1756277751882 -0.05123773928495039 0
1756277777733 -0.0003619845246578099 0
1756278306892 -0.0003619845246578099 0
1756278336432 -0.00037618825757575755 0
1756278352418 -0.00037618825757575755 0
1756278382473 -0.00037618825757575755 0
1756278712013 -0.00037618825757575755 0
1756278749302 -0.00037618825757575755 0
1756278757091 -0.00037618825757575755 0
1756278796371 -0.00037618825757575755 0
1756279330097 -0.00033666819258758643 0
1756279399148 -0.00033666819258758643 0
1756279417707 -0.00033666819258758643 0
1756279505805 -0.00033666819258758643 0
1756280333364 -0.00033666819258758643 0
1756280404753 -0.00033666819258758643 0
1756280445956 -0.00033666819258758643 0
1756280483073 -0.00033666819258758643 0
1756282579431 -0.00033666819258758643 0
1756283151574 -0.00033666819258758643 0
1756283184726 -0.00033666819258758643 0
1756283845408 -0.00033666819258758643 0
1756286113452 -0.00033666819258758643 0
1756286133493 -0.00033666819258758643 0
1756286149875 -0.00033666819258758643 0
1756286174242 -0.00033666819258758643 0
1756286744395 -0.00033666819258758643 0
1756286786435 -0.00033666819258758643 0
1756286807246 -0.00033666819258758643 0
1756286897224 -0.00033666819258758643 0
