1756277679457 13552.04404140042 0
1756277723418 657.223844807594 0
1756277751882 657.223844807594 0
1756277777733 82.52557136038779 0
1756278306892 82.52557136038779 0
1756278336432 88.125 0
1756278352418 88.125 0
1756278382473 88.125 0
1756278712013 88.125 0
1756278749302 88.125 0
1756278757091 88.125 0
1756278796371 88.125 0
1756279330097 87.64464254491031 0
1756279399148 87.64464254491031 0
1756279417707 87.64464254491031 0
1756279505805 87.64464254491031 0
1756280333364 87.64464254491031 0
1756280404753 87.64464254491031 0
1756280445956 87.64464254491031 0
1756280483073 87.64464254491031 0
1756282579431 87.64464254491031 0
1756283151574 87.64464254491031 0
1756283184726 87.64464254491031 0
1756283845408 87.64464254491031 0
1756286113452 87.64464254491031 0
1756286133493 87.64464254491031 0
1756286149875 87.64464254491031 0
1756286174242 87.64464254491031 0
1756286744395 87.64464254491031 0
1756286786435 87.64464254491031 0
1756286807246 87.64464254491031 0
1756286897224 87.64464254491031 0
