1756277679457 -79317.4850097338 0
1756277723418 -420.7381751222704 0
1756277751882 -420.7381751222704 0
1756277777733 0.036002674066599405 0
1756278306892 0.036002674066599405 0
1756278336432 0.420842169601511 0
1756278352418 0.420842169601511 0
1756278382473 0.420842169601511 0
1756278712013 0.420842169601511 0
1756278749302 0.420842169601511 0
1756278757091 0.420842169601511 0
1756278796371 0.420842169601511 0
1756279330097 0.4003730021590223 0
1756279399148 0.4003730021590223 0
1756279417707 0.4003730021590223 0
1756279505805 0.4003730021590223 0
1756280333364 0.4003730021590223 0
1756280404753 0.4003730021590223 0
1756280445956 0.4003730021590223 0
1756280483073 0.4003730021590223 0
1756282579431 0.4003730021590223 0
1756283151574 0.4003730021590223 0
1756283184726 0.4003730021590223 0
1756283845408 0.4003730021590223 0
1756286113452 0.4003730021590223 0
1756286133493 0.4003730021590223 0
1756286149875 0.4003730021590223 0
1756286174242 0.4003730021590223 0
1756286744395 0.4003730021590223 0
1756286786435 0.4003730021590223 0
1756286807246 0.4003730021590223 0
1756286897224 0.4003730021590223 0
