1756304111153 -53.04838745380518 0
1756304192623 -64.08345623394393 0
1756304215324 -64.08345623394393 0
1756304234870 -64.08345623394393 0
1756304788237 -64.08345623394393 0
1756304817509 -64.08345623394393 0
1756304834397 -64.08345623394393 0
1756304864886 -64.08345623394393 0
1756305264589 -64.08345623394393 0
1756305290299 -64.08345623394393 0
1756305297358 -64.08345623394393 0
1756305324722 -64.08345623394393 0
1756305816813 -38.70088151697841 0
1756305938135 -38.70088151697841 0
1756305954345 -38.70088151697841 0
1756306087802 -38.70088151697841 0
1756307199948 -38.70088151697841 0
1756307247825 -38.70088151697841 0
1756307281288 -38.70088151697841 0
1756307346460 -38.70088151697841 0
1756308975337 -38.70088151697841 0
1756309445707 -38.70088151697841 0
1756309487703 -38.70088151697841 0
1756309962466 -38.70088151697841 0
1756312947524 -38.70088151697841 0
1756312969666 -38.70088151697841 0
1756312991994 -38.70088151697841 0
1756313015313 -38.70088151697841 0
1756313862385 -38.70088151697841 0
1756313958578 -38.70088151697841 0
1756314012735 -38.70088151697841 0
1756314197096 -38.70088151697841 0
