1756304111153 6.501522231572301 0
1756304192623 6.545734322270439 0
1756304215324 6.545734322270439 0
1756304234870 6.545734322270439 0
1756304788237 6.545734322270439 0
1756304817509 6.545734322270439 0
1756304834397 6.545734322270439 0
1756304864886 6.545734322270439 0
1756305264589 6.545734322270439 0
1756305290299 6.545734322270439 0
1756305297358 6.545734322270439 0
1756305324722 6.545734322270439 0
1756305816813 5.645495720634813 0
1756305938135 5.645495720634813 0
1756305954345 5.645495720634813 0
1756306087802 5.645495720634813 0
1756307199948 5.645495720634813 0
1756307247825 5.645495720634813 0
1756307281288 5.645495720634813 0
1756307346460 5.645495720634813 0
1756308975337 5.645495720634813 0
1756309445707 5.645495720634813 0
1756309487703 5.645495720634813 0
1756309962466 5.645495720634813 0
1756312947524 5.645495720634813 0
1756312969666 5.645495720634813 0
1756312991994 5.645495720634813 0
1756313015313 5.645495720634813 0
1756313862385 5.645495720634813 0
1756313958578 5.645495720634813 0
1756314012735 5.645495720634813 0
1756314197096 5.645495720634813 0
