1756304111153 5.158304653899276 0
1756304192623 5.507594975704729 0
1756304215324 5.507594975704729 0
1756304234870 5.507594975704729 0
1756304788237 5.507594975704729 0
1756304817509 5.507594975704729 0
1756304834397 5.507594975704729 0
1756304864886 5.507594975704729 0
1756305264589 5.507594975704729 0
1756305290299 5.507594975704729 0
1756305297358 5.507594975704729 0
1756305324722 5.507594975704729 0
1756305816813 0.6411313244884873 0
1756305938135 0.6411313244884873 0
1756305954345 0.6411313244884873 0
1756306087802 0.6411313244884873 0
1756307199948 0.6411313244884873 0
1756307247825 0.6411313244884873 0
1756307281288 0.6411313244884873 0
1756307346460 0.6411313244884873 0
1756308975337 0.6411313244884873 0
1756309445707 0.6411313244884873 0
1756309487703 0.6411313244884873 0
1756309962466 0.6411313244884873 0
1756312947524 0.6411313244884873 0
1756312969666 0.6411313244884873 0
1756312991994 0.6411313244884873 0
1756313015313 0.6411313244884873 0
1756313862385 0.6411313244884873 0
1756313958578 0.6411313244884873 0
1756314012735 0.6411313244884873 0
1756314197096 0.6411313244884873 0
