1757517419133 -511677.4818349613 0
1757517520991 -511677.4818349613 0
1757517619392 -511677.4818349613 0
1757517781486 -381108.2129799962 0
1757518576461 -308813.6347462223 0
1757518603439 -344393.6822484333 0
1757518619078 -344393.6822484333 0
1757518646905 -344393.6822484333 0
1757518945933 -344393.6822484333 0
1757518974068 -344393.6822484333 0
1757518981399 -344393.6822484333 0
1757519010465 -344393.6822484333 0
1757520000599 -344393.6822484333 0
1757520119927 -344393.6822484333 0
1757520136420 -344393.6822484333 0
1757520273639 -344393.6822484333 0
1757521578965 -344393.6822484333 0
1757521663374 -344393.6822484333 0
1757521735308 -344393.6822484333 0
1757521856444 -344393.6822484333 0
1757524956252 -344393.6822484333 0
1757525356416 -344393.6822484333 0
1757525392059 -344393.6822484333 0
1757525749430 -344393.6822484333 0
1757526763659 -326146.7079272364 0
1757526778277 -326146.7079272364 0
1757526791762 -326146.7079272364 0
1757526808756 -326146.7079272364 0
1757527749314 -326146.7079272364 0
1757527837399 -336889.15872386505 0
1757527865013 -336889.15872386505 0
1757527990689 -336889.15872386505 0
