1757517419133 541.0850076480093 0
1757517520991 541.0850076480093 0
1757517619392 541.0850076480093 0
1757517781486 501.3445392216736 0
1757518576461 437.1237 0
1757518603439 436.99972499999996 0
1757518619078 436.99972499999996 0
1757518646905 436.99972499999996 0
1757518945933 436.99972499999996 0
1757518974068 436.99972499999996 0
1757518981399 436.99972499999996 0
1757519010465 436.99972499999996 0
1757520000599 436.99972499999996 0
1757520119927 436.99972499999996 0
1757520136420 436.99972499999996 0
1757520273639 436.99972499999996 0
1757521578965 436.99972499999996 0
1757521663374 436.99972499999996 0
1757521735308 436.99972499999996 0
1757521856444 436.99972499999996 0
1757524956252 436.99972499999996 0
1757525356416 436.99972499999996 0
1757525392059 436.99972499999996 0
1757525749430 436.99972499999996 0
1757526763659 439.6425218600954 0
1757526778277 439.6425218600954 0
1757526791762 439.6425218600954 0
1757526808756 439.6425218600954 0
1757527749314 439.6425218600954 0
1757527837399 432.3483520507813 0
1757527865013 432.3483520507813 0
1757527990689 432.3483520507813 0
