1757517419133 657.4774928116058 0
1757517520991 657.4774928116058 0
1757517619392 657.4774928116058 0
1757517781486 607.7467390186447 0
1757518576461 573.8943356333987 0
1757518603439 559.7757510698144 0
1757518619078 559.7757510698144 0
1757518646905 559.7757510698144 0
1757518945933 559.7757510698144 0
1757518974068 559.7757510698144 0
1757518981399 559.7757510698144 0
1757519010465 559.7757510698144 0
1757520000599 559.7757510698144 0
1757520119927 559.7757510698144 0
1757520136420 559.7757510698144 0
1757520273639 559.7757510698144 0
1757521578965 559.7757510698144 0
1757521663374 559.7757510698144 0
1757521735308 559.7757510698144 0
1757521856444 559.7757510698144 0
1757524956252 559.7757510698144 0
1757525356416 559.7757510698144 0
1757525392059 559.7757510698144 0
1757525749430 559.7757510698144 0
1757526763659 553.9081294735245 0
1757526778277 553.9081294735245 0
1757526791762 553.9081294735245 0
1757526808756 553.9081294735245 0
1757527749314 553.9081294735245 0
1757527837399 548.1023520490853 0
1757527865013 548.1023520490853 0
1757527990689 548.1023520490853 0
