1757517419133 0.4431844858131898 0
1757517520991 0.4431844858131898 0
1757517619392 0.4431844858131898 0
1757517781486 -0.05207568607736168 0
1757518576461 0.5511883918998072 0
1757518603439 0.5379277607652589 0
1757518619078 0.5379277607652589 0
1757518646905 0.5379277607652589 0
1757518945933 0.5379277607652589 0
1757518974068 0.5379277607652589 0
1757518981399 0.5379277607652589 0
1757519010465 0.5379277607652589 0
1757520000599 0.5379277607652589 0
1757520119927 0.5379277607652589 0
1757520136420 0.5379277607652589 0
1757520273639 0.5379277607652589 0
1757521578965 0.5379277607652589 0
1757521663374 0.5379277607652589 0
1757521735308 0.5379277607652589 0
1757521856444 0.5379277607652589 0
1757524956252 0.5379277607652589 0
1757525356416 0.5379277607652589 0
1757525392059 0.5379277607652589 0
1757525749430 0.5379277607652589 0
