1757517419133 -213304.02831147573 0
1757517520991 -213304.02831147573 0
1757517619392 -213304.02831147573 0
1757517781486 -403027.5310424831 0
1757518576461 -171930.05855904403 0
1757518603439 -177009.92068013203 0
1757518619078 -177009.92068013203 0
1757518646905 -177009.92068013203 0
1757518945933 -177009.92068013203 0
1757518974068 -177009.92068013203 0
1757518981399 -177009.92068013203 0
1757519010465 -177009.92068013203 0
1757520000599 -177009.92068013203 0
1757520119927 -177009.92068013203 0
1757520136420 -177009.92068013203 0
1757520273639 -177009.92068013203 0
1757521578965 -177009.92068013203 0
1757521663374 -177009.92068013203 0
1757521735308 -177009.92068013203 0
1757521856444 -177009.92068013203 0
1757524956252 -177009.92068013203 0
1757525356416 -177009.92068013203 0
1757525392059 -177009.92068013203 0
1757525749430 -177009.92068013203 0
