1756649486886 2.797661451151173 0
1756649533346 2.797661451151173 0
1756649576911 2.5823441741251716 0
1756649634345 2.2224551678200677 0
1756652561640 2.212323556396423 0
1756652841967 2.212323556396423 0
1756652869267 2.1765774463173018 0
1756653290949 2.1765774463173018 0
1756654203823 2.1694444444444443 0
1756654219550 2.1694444444444443 0
1756654236951 2.1694444444444443 0
1756654256149 2.1694444444444443 0
1756655204987 2.1694444444444443 0
1756655289145 2.1694444444444443 0
1756655315627 2.1694444444444443 0
1756655419616 2.1694444444444443 0
