1756649486886 3.661498360165868 0
1756649533346 3.661498360165868 0
1756649576911 3.331702466224743 0
1756649634345 2.973568158594846 0
1756652561640 2.82452193230387 0
1756652841967 2.82452193230387 0
1756652869267 2.809779376377663 0
1756653290949 2.809779376377663 0
1756654203823 2.76802175649767 0
1756654219550 2.76802175649767 0
1756654236951 2.76802175649767 0
1756654256149 2.76802175649767 0
1756655204987 2.76802175649767 0
1756655289145 2.76802175649767 0
1756655315627 2.76802175649767 0
1756655419616 2.76802175649767 0
