1757077220281 38.26543764762159 0
1757077281716 38.26543764762159 0
1757077312727 38.26543764762159 0
1757077350043 38.26543764762159 0
1757078034516 38.26543764762159 0
1757078061339 38.26543764762159 0
1757078076907 38.26543764762159 0
1757078103958 38.26543764762159 0
1757078461160 38.26543764762159 0
1757078486098 26.27027027027027 0
1757078493038 26.27027027027027 0
1757078519130 26.27027027027027 0
1757078810269 26.27027027027027 0
1757078890749 26.27027027027027 0
1757078905934 26.27027027027027 0
1757079003341 26.27027027027027 0
