1756738621737 -0.003213245203568471 0
1756738687792 -0.003213245203568471 0
1756738714410 -0.0032132452035746883 0
1756738742871 -0.0032132452035746883 0
1756739203987 0.824406463028402 0
1756739232625 0.824406463028402 0
1756739249017 0.824406463028402 0
1756739278382 0.824406463028402 0
1756739622010 0.6175752071835061 0
1756739649688 0.6175752071835061 0
1756739657164 0.6175752071835061 0
1756739686244 0.6175752071835061 0
1756740634896 0.6175752071835061 0
1756740751219 0.6175752071835061 0
1756740768622 0.6175752071835061 0
1756740905956 0.6175752071835061 0
1756742155534 0.6175752071835061 0
1756742190423 0.6175752071835061 0
1756742244243 0.6175752071835061 0
1756742398087 0.6175752071835061 0
1756763073857 0.6175752071835061 0
1756763446184 0.6175752071835061 0
1756763477914 0.6175752071835061 0
1756763788926 0.6175752071835061 0
1756764907132 0.6175752071835061 0
1756764921309 0.6175752071835061 0
1756764934331 0.6175752071835061 0
1756764949462 0.6175752071835061 0
1756765694759 0.6175752071835061 0
1756765779521 0.6175752071835061 0
1756765807627 0.6175752071835061 0
1756765915855 0.6175752071835061 0
