1756727386517 0.8268589524642954 0
1756727417242 0.8245347734328804 0
1756727438136 0.8245347734328804 0
1756727463145 0.6575948412672343 0
1756727877809 0.6357145440275024 0
1756727907624 0.6351727744236325 0
1756727923733 0.6351727744236325 0
1756727953595 0.6351727744236325 0
1756728295864 0.6351727744236325 0
1756728326443 0.6351727744236325 0
1756728334375 0.6351727744236325 0
1756728368719 0.6351727744236325 0
1756729115116 0.6342213283893313 0
1756729238512 0.6342213283893313 0
1756729255767 0.6342213283893313 0
1756729397312 0.6342213283893313 0
1756730341515 0.6342213283893313 0
1756730377844 0.6311342749388591 0
1756730408179 0.6311342749388591 0
1756730467003 0.620589278525567 0
1756732755984 0.620589278525567 0
1756733282677 0.620589278525567 0
1756733316055 0.620589278525567 0
1756733826684 0.620589278525567 0
1756735943488 0.620589278525567 0
1756735958888 0.620589278525567 0
1756735974007 0.620589278525567 0
1756735991141 0.620589278525567 0
1756736553398 0.620589278525567 0
1756736612396 0.620589278525567 0
1756736635559 0.620589278525567 0
1756736718265 0.620589278525567 0
