1756727386517 0.6586161015746517 0
1756727417242 0.6509585315595546 0
1756727438136 0.6509585315595546 0
1756727463145 0.6584539839199187 0
1756727877809 0.24404768743529381 0
1756727907624 0.48208512617302535 0
1756727923733 0.48208512617302535 0
1756727953595 0.48208512617302535 0
1756728295864 0.48208512617302535 0
1756728326443 0.48208512617302535 0
1756728334375 0.48208512617302535 0
1756728368719 0.48208512617302535 0
1756729115116 0.27157078445611377 0
1756729238512 0.27157078445611377 0
1756729255767 0.27157078445611377 0
1756729397312 0.27157078445611377 0
1756730341515 0.27157078445611377 0
