1757319248068 -87.61784283221911 0
1757319309056 -106.92116130258744 0
1757319335116 -87.92160536242942 0
1757319358694 -87.92160536242942 0
1757319813817 -42.725287625987605 0
1757319839830 -44.781766977469786 0
1757319855651 -44.781766977469786 0
1757319882737 -44.781766977469786 0
1757320183965 -44.781766977469786 0
1757320209611 -44.781766977469786 0
1757320219470 -44.781766977469786 0
1757320249301 -44.781766977469786 0
1757321355069 -44.781766977469786 0
1757321486818 -49.42954433279708 0
1757321504651 -49.42954433279708 0
1757321641253 -49.42954433279708 0
