1757319248068 -0.7148055616431761 0
1757319309056 -0.18426482962465718 0
1757319335116 0.06461948244898141 0
1757319358694 0.06461948244898141 0
1757319813817 0.46707811282340894 0
1757319839830 0.47719029746026 0
1757319855651 0.47719029746026 0
1757319882737 0.47719029746026 0
1757320183965 0.47719029746026 0
1757320209611 0.47719029746026 0
1757320219470 0.47719029746026 0
1757320249301 0.47719029746026 0
1757321355069 0.47719029746026 0
1757321486818 0.497804161368921 0
1757321504651 0.497804161368921 0
1757321641253 0.497804161368921 0
1757322749534 0.5220409491622906 0
1757322804988 0.5394017756474035 0
1757322845309 0.5394017756474035 0
1757322999069 0.5394017756474035 0
1757325911473 0.5394017756474035 0
1757326183146 0.5394017756474035 0
1757326220530 0.5394017756474035 0
1757326507759 0.5394017756474035 0
1757327819343 0.5394017756474035 0
1757327838484 0.5394017756474035 0
1757327855003 0.5394017756474035 0
1757327874990 0.5394017756474035 0
1757328889755 0.5394017756474035 0
1757329015025 0.5621387582532833 0
1757329040759 0.5621387582532833 0
1757329176558 0.5621387582532833 0
