1757319248068 0.7017306075034029 0
1757319309056 0.6402522031987712 0
1757319335116 0.5508960577591071 0
1757319358694 0.5508960577591071 0
1757319813817 0.9151341019883522 0
1757319839830 0.7227127314547817 0
1757319855651 0.7227127314547817 0
1757319882737 0.7227127314547817 0
1757320183965 0.7227127314547817 0
1757320209611 0.7227127314547817 0
1757320219470 0.7227127314547817 0
1757320249301 0.7227127314547817 0
1757321355069 0.7227127314547817 0
1757321486818 0.9472992344601958 0
1757321504651 0.9472992344601958 0
1757321641253 0.9472992344601958 0
