1755886997376 -78.67230156030512 0
1755887930296 -78.67230156030512 0
1755887979966 -78.67230156031253 0
1755888095606 -78.67230156031253 0
1755891782846 -45.18152268560605 0
1755891832593 -43.433834932927084 0
1755891861424 -43.433834932927084 0
1755891911773 -43.433834932927084 0
1755892504114 -43.433834932927084 0
1755892546555 -43.433834932927084 0
1755892556902 -43.433834932927084 0
1755892602053 -43.433834932927084 0
1755893811352 -43.433834932927084 0
1755894230293 -43.433834932927084 0
1755894249525 -43.433834932927084 0
1755894719958 -43.433834932927084 0
