1755886997376 4.8137007264304605 0
1755887930296 4.8137007264304605 0
1755887979966 4.813700726430466 0
1755888095606 4.813700726430466 0
1755891782846 2.556166821782796 0
1755891832593 4.402152441375677 0
1755891861424 4.402152441375677 0
1755891911773 4.402152441375677 0
1755892504114 4.402152441375677 0
1755892546555 4.402152441375677 0
1755892556902 4.402152441375677 0
1755892602053 4.402152441375677 0
1755893811352 4.402152441375677 0
1755894230293 4.402152441375677 0
1755894249525 4.402152441375677 0
1755894719958 4.402152441375677 0
