1755886997376 0.6981988142060642 0
1755887930296 0.6981988142060642 0
1755887979966 0.6981988142060636 0
1755888095606 0.6981988142060636 0
1755891782846 0.9148977276390687 0
1755891832593 0.7475979228369078 0
1755891861424 0.7475979228369078 0
1755891911773 0.7475979228369078 0
1755892504114 0.7475979228369078 0
1755892546555 0.7475979228369078 0
1755892556902 0.7475979228369078 0
1755892602053 0.7475979228369078 0
1755893811352 0.7475979228369078 0
1755894230293 0.7475979228369078 0
1755894249525 0.7475979228369078 0
1755894719958 0.7475979228369078 0
