1756599687697 6.0172277239859175 0
1756599787147 5.541839699114644 0
1756599856490 5.541839699114644 0
1756600042942 5.541839699114644 0
1756603771476 5.541839699114644 0
1756604131012 5.483202087101851 0
1756604162967 5.483202087101851 0
1756604585082 5.483202087101851 0
1756604845477 5.483202087101851 0
1756604862887 5.483202087101851 0
1756604876453 5.483202087101851 0
1756604894981 5.483202087101851 0
1756606017723 5.483202087101851 0
1756606107258 5.483202087101851 0
1756606129725 5.483202087101851 0
1756606258980 5.483202087101851 0
