1756235348299 -30.150469655233827 0
1756235421187 -35.04760357354279 0
1756235449998 -35.04760357354279 0
1756235473247 -35.04760357354279 0
1756236125133 -35.04760357354279 0
1756236152416 -29.825299444126877 0
1756236168735 -29.825299444126877 0
1756236196504 -29.825299444126877 0
1756236574916 -29.825299444126877 0
1756236599737 -29.825299444126877 0
1756236608815 -29.825299444126877 0
1756236634852 -29.825299444126877 0
1756238488830 -29.825299444126877 0
1756238606839 -29.825299444126877 0
1756238626541 -29.825299444126877 0
1756238763467 -29.825299444126877 0
