1756235348299 25.636160945267285 0
1756235421187 19.993000517776625 0
1756235449998 19.993000517776625 0
1756235473247 19.993000517776625 0
1756236125133 19.993000517776625 0
1756236152416 18.892343761357257 0
1756236168735 18.892343761357257 0
1756236196504 18.892343761357257 0
1756236574916 18.892343761357257 0
1756236599737 18.892343761357257 0
1756236608815 18.892343761357257 0
1756236634852 18.892343761357257 0
1756238488830 18.892343761357257 0
1756238606839 18.892343761357257 0
1756238626541 18.892343761357257 0
1756238763467 18.892343761357257 0
