1756235348299 47.721799321036485 0
1756235421187 32.3086804184448 0
1756235449998 32.3086804184448 0
1756235473247 32.3086804184448 0
1756236125133 32.3086804184448 0
1756236152416 4.916010335493102 0
1756236168735 4.916010335493102 0
1756236196504 4.916010335493102 0
1756236574916 4.916010335493102 0
1756236599737 4.916010335493102 0
1756236608815 4.916010335493102 0
1756236634852 4.916010335493102 0
1756238488830 4.916010335493102 0
1756238606839 4.916010335493102 0
1756238626541 4.916010335493102 0
1756238763467 4.916010335493102 0
