1756235348299 6.908096649659477 0
1756235421187 5.684072520512454 0
1756235449998 5.684072520512454 0
1756235473247 5.684072520512454 0
1756236125133 5.684072520512454 0
1756236152416 2.217207779052992 0
1756236168735 2.217207779052992 0
1756236196504 2.217207779052992 0
1756236574916 2.217207779052992 0
1756236599737 2.217207779052992 0
1756236608815 2.217207779052992 0
1756236634852 2.217207779052992 0
1756238488830 2.217207779052992 0
1756238606839 2.217207779052992 0
1756238626541 2.217207779052992 0
1756238763467 2.217207779052992 0
