1757491662372 87.83969239453657 0
1757491733387 87.83969239453657 0
1757491757981 87.83969239453657 0
1757491785675 43.92463809618715 0
1757492223296 43.92463809618715 0
1757492250282 43.92463809618715 0
1757492266477 43.92463809618715 0
1757492297234 43.92463809618715 0
1757492635291 43.92463809618715 0
1757492662521 43.92463809618715 0
1757492670101 43.92463809618715 0
1757492697945 43.92463809618715 0
1757493386214 43.92463809618715 0
1757493441660 43.92463809618715 0
1757493454311 43.92463809618715 0
1757493527369 43.92463809618715 0
