1757491662372 -3.087007947018507 0
1757491733387 -3.087007947018507 0
1757491757981 -3.087007947018507 0
1757491785675 -0.0015905120131698425 0
1757492223296 -0.0015905120131698425 0
1757492250282 -0.0015905120131698425 0
1757492266477 -0.0015905120131698425 0
1757492297234 -0.0015905120131698425 0
1757492635291 -0.0015905120131698425 0
1757492662521 -0.0015905120131698425 0
1757492670101 -0.0015905120131698425 0
1757492697945 -0.0015905120131698425 0
1757493386214 -0.0015905120131698425 0
1757493441660 -0.0015905120131698425 0
1757493454311 -0.0015905120131698425 0
1757493527369 -0.0015905120131698425 0
