1757491662372 489507.23534867004 0
1757491733387 489507.23534867004 0
1757491757981 489507.23534867004 0
1757491785675 489496.7565895503 0
1757492223296 489496.7565895503 0
1757492250282 489496.7565895503 0
1757492266477 489496.7565895503 0
1757492297234 489496.7565895503 0
1757492635291 489496.7565895503 0
1757492662521 489496.7565895503 0
1757492670101 489496.7565895503 0
1757492697945 489496.7565895503 0
1757493386214 489496.7565895503 0
1757493441660 489496.7565895503 0
1757493454311 489496.7565895503 0
1757493527369 489496.7565895503 0
