1756319021149 -285.0043400430612 0
1756319081934 -285.0043400430612 0
1756319107381 -285.0043400430612 0
1756319137173 -198.5589878610743 0
1756319676275 -143.67682601818734 0
1756319704540 -143.67682601818734 0
1756319720243 -143.67682601818734 0
1756319748716 -143.67682601818734 0
1756320101984 -143.67682601818734 0
1756320129064 -143.67682601818734 0
1756320136023 -143.67682601818734 0
1756320165052 -143.67682601818734 0
1756320695722 -147.31837795349784 0
1756320821842 -147.31837795349784 0
1756320838232 -147.31837795349784 0
1756320981266 -147.31837795349784 0
1756329678277 -147.31837795349784 0
