1756319021149 13.075439511682806 0
1756319081934 13.075439511682806 0
1756319107381 13.075439511682806 0
1756319137173 10.807233312216303 0
1756319676275 9.573695875927218 0
1756319704540 9.573695875927218 0
1756319720243 9.573695875927218 0
1756319748716 9.573695875927218 0
1756320101984 9.573695875927218 0
1756320129064 9.573695875927218 0
1756320136023 9.573695875927218 0
1756320165052 9.573695875927218 0
1756320695722 9.32915986526844 0
1756320821842 9.32915986526844 0
1756320838232 9.32915986526844 0
1756320981266 9.32915986526844 0
1756329678277 9.32915986526844 0
1756329712285 10.229127378106055 0
1756329761452 10.229127378106055 0
1756329911865 10.229127378106055 0
1756331567951 10.229127378106055 0
1756332061585 10.229127378106055 0
1756332095172 10.229127378106055 0
1756332676172 10.229127378106055 0
1756335291761 10.229127378106055 0
1756335305001 10.229127378106055 0
1756335318273 10.229127378106055 0
1756335332606 10.229127378106055 0
1756335791687 10.229127378106055 0
1756335939797 10.229127378106055 0
1756335984769 10.229127378106055 0
1756336359358 10.229127378106055 0
