1756319021149 -0.29457880054983754 0
1756319081934 -0.29457880054983754 0
1756319107381 -0.29457880054983754 0
1756319137173 -0.022348028901777894 0
1756319676275 0.1369791866932969 0
1756319704540 0.1369791866932969 0
1756319720243 0.1369791866932969 0
1756319748716 0.1369791866932969 0
1756320101984 0.1369791866932969 0
1756320129064 0.1369791866932969 0
1756320136023 0.1369791866932969 0
1756320165052 0.1369791866932969 0
1756320695722 0.165707001809848 0
1756320821842 0.165707001809848 0
1756320838232 0.165707001809848 0
1756320981266 0.165707001809848 0
1756329678277 0.165707001809848 0
1756329712285 0.2788105361502333 0
1756329761452 0.2788105361502333 0
1756329911865 0.2788105361502333 0
1756331567951 0.2788105361502333 0
1756332061585 0.2788105361502333 0
1756332095172 0.2788105361502333 0
1756332676172 0.2788105361502333 0
1756335291761 0.2788105361502333 0
1756335305001 0.2788105361502333 0
1756335318273 0.2788105361502333 0
1756335332606 0.2788105361502333 0
1756335791687 0.2788105361502333 0
1756335939797 0.2788105361502333 0
1756335984769 0.2788105361502333 0
1756336359358 0.2788105361502333 0
