1756319021149 17.72176334818286 0
1756319081934 17.72176334818286 0
1756319107381 17.72176334818286 0
1756319137173 15.748604238558881 0
1756319676275 14.469493270602618 0
1756319704540 14.469493270602618 0
1756319720243 14.469493270602618 0
1756319748716 14.469493270602618 0
1756320101984 14.469493270602618 0
1756320129064 14.469493270602618 0
1756320136023 14.469493270602618 0
1756320165052 14.469493270602618 0
1756320695722 14.226628362603794 0
1756320821842 14.226628362603794 0
1756320838232 14.226628362603794 0
1756320981266 14.226628362603794 0
1756329678277 14.226628362603794 0
1756329712285 13.227183361898485 0
1756329761452 13.227183361898485 0
1756329911865 13.227183361898485 0
1756331567951 13.227183361898485 0
1756332061585 13.227183361898485 0
1756332095172 13.227183361898485 0
1756332676172 13.227183361898485 0
1756335291761 13.227183361898485 0
1756335305001 13.227183361898485 0
1756335318273 13.227183361898485 0
1756335332606 13.227183361898485 0
1756335791687 13.227183361898485 0
1756335939797 13.227183361898485 0
1756335984769 13.227183361898485 0
1756336359358 13.227183361898485 0
