1756319021149 -112.1563869650602 0
1756319081934 -112.1563869650602 0
1756319107381 -112.1563869650602 0
1756319137173 -198.0473526415231 0
1756319676275 -21.891105474272056 0
1756319704540 -21.891105474272056 0
1756319720243 -21.891105474272056 0
1756319748716 -21.891105474272056 0
1756320101984 -21.891105474272056 0
1756320129064 -21.891105474272056 0
1756320136023 -21.891105474272056 0
1756320165052 -21.891105474272056 0
1756320695722 -0.00731430560424909 0
1756320821842 -0.00731430560424909 0
1756320838232 -0.00731430560424909 0
1756320981266 -0.00731430560424909 0
1756329678277 -0.00731430560424909 0
