1756677266546 0.5772821959643871 0
1756677316365 0.5772821959643871 0
1756677362552 0.5772821959643871 0
1756677409106 0.5772821959643871 0
1756680462123 0.6097175817042679 0
1756681026940 0.5825126368444152 0
1756681059221 0.5825126368444152 0
1756681500110 0.5825126368444152 0
1756682516072 0.5825126368444152 0
1756682534300 0.5825126368444152 0
1756682549218 0.5825126368444152 0
1756682566463 0.5825126368444152 0
1756683229810 0.5624534888193012 0
1756683280761 0.5624534888193012 0
1756683307305 0.5624534888193012 0
1756683394898 0.5624534888193012 0
