1756677266546 0.03282766281798166 0
1756677316365 0.03282766281798166 0
1756677362552 0.03282766281798166 0
1756677409106 0.03282766281798166 0
1756680462123 0.07363653817077809 0
1756681026940 0.10374300249230961 0
1756681059221 0.10374300249230961 0
1756681500110 0.10374300249230961 0
1756682516072 0.10374300249230961 0
1756682534300 0.10374300249230961 0
1756682549218 0.10374300249230961 0
1756682566463 0.10374300249230961 0
1756683229810 0.13222149738174627 0
1756683280761 0.13222149738174627 0
1756683307305 0.13222149738174627 0
1756683394898 0.13222149738174627 0
