1757494646621 -0.5800306328135012 0
1757494745157 -0.5800306328135012 0
1757494835940 -0.5800306328135012 0
1757494938445 -0.5800306328135012 0
1757499315253 -0.5800306328135012 0
1757499713546 -0.5800306328135012 0
1757499742340 -0.5800306328135012 0
1757500144810 -0.5800306328135012 0
1757500456000 -0.18062667504027186 0
1757500473087 0.16755908302531386 0
1757500491343 0.16755908302531386 0
1757500510728 0.16755908302531386 0
1757501701956 0.16755908302531386 0
1757501798424 0.16755908302531386 0
1757501824052 0.16755908302531386 0
1757501899058 0.16755908302531386 0
