1757521899297 589.8389097048474 0
1757522011867 555.0766581166964 0
1757522046138 555.0766581166964 0
1757522159715 558.4232582240805 0
1757525783451 558.4232582240805 0
1757526157879 501.721381921669 0
1757526191717 501.721381921669 0
1757526571435 501.721381921669 0
1757526820765 501.721381921669 0
1757526834787 501.721381921669 0
1757526848553 501.721381921669 0
1757526863795 501.721381921669 0
1757528013333 501.721381921669 0
1757528083460 501.721381921669 0
1757528117745 501.721381921669 0
1757528226953 501.721381921669 0
