1757517890187 -465065.88545565645 0
1757518020515 -621276.1711434644 0
1757518124743 -621276.1711434644 0
1757518294104 -338943.60000769823 0
1757518662693 -338943.60000769823 0
1757518690120 -370069.9325875519 0
1757518706089 -370069.9325875519 0
1757518733628 -370069.9325875519 0
1757519018097 -370069.9325875519 0
1757519044963 -370069.9325875519 0
1757519052556 -370069.9325875519 0
1757519080794 -370069.9325875519 0
1757520290218 -370069.9325875519 0
1757520404313 -370069.9325875519 0
1757520420677 -370069.9325875519 0
1757520552219 -370069.9325875519 0
1757521900187 -370069.9325875519 0
1757522012805 -370069.9325875519 0
1757522047910 -370069.9325875519 0
1757522160612 -370069.9325875519 0
1757525784280 -370069.9325875519 0
