1757517890187 0.3246582540320415 0
1757518020515 0.23585032399034922 0
1757518124743 0.23585032399034922 0
1757518294104 -0.17544909744208126 0
1757518662693 -0.17544909744208126 0
1757518690120 0.4511752367576002 0
1757518706089 0.4511752367576002 0
1757518733628 0.4511752367576002 0
1757519018097 0.4511752367576002 0
1757519044963 0.4511752367576002 0
1757519052556 0.4511752367576002 0
1757519080794 0.4511752367576002 0
1757520290218 0.4511752367576002 0
1757520404313 0.4511752367576002 0
1757520420677 0.4511752367576002 0
1757520552219 0.4511752367576002 0
1757521900187 0.4511752367576002 0
1757522012805 0.4511752367576002 0
1757522047910 0.4511752367576002 0
1757522160612 0.4511752367576002 0
1757525784280 0.4511752367576002 0
