1756595785096 4.1146901270358285 0
1756595851290 4.1146901270358285 0
1756595875773 4.114690127035826 0
1756595898294 4.0580114452522595 0
1756596414310 4.0580114452522595 0
1756596443392 4.0580114452522595 0
1756596459210 4.0580114452522595 0
1756596488666 4.0580114452522595 0
1756596848672 4.0580114452522595 0
1756596880158 4.0580114452522595 0
1756596887970 4.0580114452522595 0
1756596921239 4.0580114452522595 0
1756597436671 4.0580114452522595 0
1756597571442 4.0580114452522595 0
1756597588510 4.0580114452522595 0
1756597740882 4.0580114452522595 0
