1756595785096 -0.05881587716121128 0
1756595851290 -0.05881587716121128 0
1756595875773 -0.05881587716120906 0
1756595898294 -0.007232269767485144 0
1756596414310 -0.007232269767485144 0
1756596443392 -0.007232269767485144 0
1756596459210 -0.007232269767485144 0
1756596488666 -0.007232269767485144 0
1756596848672 -0.007232269767485144 0
1756596880158 -0.007232269767485144 0
1756596887970 -0.007232269767485144 0
1756596921239 -0.007232269767485144 0
1756597436671 -0.007232269767485144 0
1756597571442 -0.007232269767485144 0
1756597588510 -0.007232269767485144 0
1756597740882 -0.007232269767485144 0
