1756595785096 3.908115184077865 0
1756595851290 3.908115184077865 0
1756595875773 3.9081151840778636 0
1756595898294 3.9317848517630827 0
1756596414310 3.9317848517630827 0
1756596443392 3.9317848517630827 0
1756596459210 3.9317848517630827 0
1756596488666 3.9317848517630827 0
1756596848672 3.9317848517630827 0
1756596880158 3.9317848517630827 0
1756596887970 3.9317848517630827 0
1756596921239 3.9317848517630827 0
1756597436671 3.9317848517630827 0
1756597571442 3.9317848517630827 0
1756597588510 3.9317848517630827 0
1756597740882 3.9317848517630827 0
