1756304258878 1.6036706123586157 0
1756304338809 7.665643247338892 0
1756304362931 7.665643247338892 0
1756304385270 6.642176640192591 0
1756304883255 6.642176640192591 0
1756304918044 6.642176640192591 0
1756304937843 6.642176640192591 0
1756304972831 6.642176640192591 0
1756305331830 6.642176640192591 0
1756305363366 6.642176640192591 0
1756305370490 6.642176640192591 0
1756305403702 6.642176640192591 0
1756306104309 6.642176640192591 0
1756306232564 6.02892953677504 0
1756306249443 6.02892953677504 0
1756306394861 6.02892953677504 0
1756307373734 6.02892953677504 0
1756307410332 6.02892953677504 0
1756307459211 6.02892953677504 0
1756307513897 6.02892953677504 0
1756310001098 6.02892953677504 0
