1757406598228 3.577001345800662 0
1757406658255 3.577001345800662 0
1757406686530 3.5770013458006598 0
1757406703751 2.226100190993155 0
1757407252421 2.226100190993155 0
1757407284939 2.226100190993155 0
1757407302111 2.226100190993155 0
1757407334024 2.226100190993155 0
1757407777780 2.226100190993155 0
1757407822544 0.7156520087296412 0
1757407831601 0.7156520087296412 0
1757407876942 0.7156520087296412 0
1757408390305 0.7156520087296412 0
1757408446927 0.7156520087296412 0
1757408462352 0.7156520087296412 0
1757408536779 0.7156520087296412 0
1757409273851 0.7156520087296412 0
1757409298178 0.7156520087296412 0
1757409318674 0.7156520087296412 0
1757409346007 0.7156520087296412 0
1757409727091 0.7156520087296412 0
1757410123614 0.7156520087296412 0
1757410157128 0.7156520087296412 0
1757410620742 0.7156520087296412 0
1757415706892 0.6576185208977957 0
1757415729828 0.6576185208977957 0
1757415743954 0.6537527458110893 0
1757415772809 0.6537527458110893 0
1757416139390 0.6537527458110893 0
1757416204057 0.6537527458110893 0
1757416244369 0.6537527458110893 0
1757416377835 0.6537527458110893 0
