1757406598228 6479.789495045759 0
1757406658255 6479.789495045759 0
1757406686530 6479.789495045752 0
1757406703751 3446.442717895136 0
1757407252421 3446.442717895136 0
1757407284939 3446.442717895136 0
1757407302111 3446.442717895136 0
1757407334024 3446.442717895136 0
1757407777780 3446.442717895136 0
1757407822544 232.00868945277358 0
1757407831601 232.00868945277358 0
1757407876942 232.00868945277358 0
1757408390305 232.00868945277358 0
1757408446927 232.00868945277358 0
1757408462352 232.00868945277358 0
1757408536779 232.00868945277358 0
1757409273851 232.00868945277358 0
1757409298178 232.00868945277358 0
1757409318674 232.00868945277358 0
1757409346007 232.00868945277358 0
1757409727091 232.00868945277358 0
1757410123614 232.00868945277358 0
1757410157128 232.00868945277358 0
1757410620742 232.00868945277358 0
1757415706892 85.12637353528895 0
1757415729828 85.12637353528895 0
1757415743954 81.85262073740368 0
1757415772809 81.85262073740368 0
1757416139390 81.85262073740368 0
1757416204057 81.85262073740368 0
1757416244369 81.85262073740368 0
1757416377835 81.85262073740368 0
