1757406598228 -1.167851029850691 0
1757406658255 -1.167851029850691 0
1757406686530 -1.1678510298506897 0
1757406703751 -0.1947983428068909 0
1757407252421 -0.1947983428068909 0
1757407284939 -0.1947983428068909 0
1757407302111 -0.1947983428068909 0
1757407334024 -0.1947983428068909 0
1757407777780 -0.1947983428068909 0
1757407822544 -0.05136557288991783 0
1757407831601 -0.05136557288991783 0
1757407876942 -0.05136557288991783 0
1757408390305 -0.05136557288991783 0
1757408446927 -0.05136557288991783 0
1757408462352 -0.05136557288991783 0
1757408536779 -0.05136557288991783 0
1757409273851 -0.05136557288991783 0
1757409298178 -0.05136557288991783 0
1757409318674 -0.05136557288991783 0
1757409346007 -0.05136557288991783 0
1757409727091 -0.05136557288991783 0
1757410123614 -0.05136557288991783 0
1757410157128 -0.05136557288991783 0
1757410620742 -0.05136557288991783 0
1757415706892 -0.04701436993291708 0
1757415729828 -0.04701436993291708 0
1757415743954 -0.03630697419981588 0
1757415772809 -0.03630697419981588 0
1757416139390 -0.03630697419981588 0
1757416204057 -0.03630697419981588 0
1757416244369 -0.03630697419981588 0
1757416377835 -0.03630697419981588 0
