1757406598228 162.1057667348908 0
1757406658255 162.1057667348908 0
1757406686530 162.1057667348908 0
1757406703751 162.5064314892335 0
1757407252421 162.5064314892335 0
1757407284939 162.5064314892335 0
1757407302111 162.5064314892335 0
1757407334024 162.5064314892335 0
1757407777780 162.5064314892335 0
1757407822544 162.548209182284 0
1757407831601 162.548209182284 0
1757407876942 162.548209182284 0
1757408390305 162.548209182284 0
1757408446927 162.548209182284 0
1757408462352 162.548209182284 0
1757408536779 162.548209182284 0
1757409273851 162.548209182284 0
1757409298178 162.548209182284 0
1757409318674 162.548209182284 0
1757409346007 162.548209182284 0
1757409727091 162.548209182284 0
1757410123614 162.548209182284 0
1757410157128 162.548209182284 0
1757410620742 162.548209182284 0
