1757406598228 20.675043759871322 0
1757406658255 20.675043759871322 0
1757406686530 20.675043759871322 0
1757406703751 19.13806603463676 0
1757407252421 19.13806603463676 0
1757407284939 19.13806603463676 0
1757407302111 19.13806603463676 0
1757407334024 19.13806603463676 0
1757407777780 19.13806603463676 0
1757407822544 17.54918467159257 0
1757407831601 17.54918467159257 0
1757407876942 17.54918467159257 0
1757408390305 17.54918467159257 0
1757408446927 17.54918467159257 0
1757408462352 17.54918467159257 0
1757408536779 17.54918467159257 0
1757409273851 17.54918467159257 0
1757409298178 17.54918467159257 0
1757409318674 17.54918467159257 0
1757409346007 17.54918467159257 0
1757409727091 17.54918467159257 0
1757410123614 17.54918467159257 0
1757410157128 17.54918467159257 0
1757410620742 17.54918467159257 0
