1756304549252 -63.144711600388916 0
1756304632356 -72.04730357253143 0
1756304656851 -72.04730357253143 0
1756304677243 -61.71629546217595 0
1756305095769 -61.71629546217595 0
1756305127459 -61.71629546217595 0
1756305145801 -61.71629546217595 0
1756305177637 -61.71629546217595 0
1756305479553 -61.71629546217595 0
1756305504989 -61.71629546217595 0
1756305512415 -61.71629546217595 0
1756305539442 -61.71629546217595 0
1756306708942 -61.71629546217595 0
1756306820432 -64.57351799827471 0
1756306837981 -64.57351799827471 0
1756306973865 -64.57351799827471 0
1756307788924 -64.57351799827471 0
1756307854650 -64.57351799827471 0
1756307879206 -64.57351799827471 0
1756307916532 -64.57351799827471 0
1756312031047 -61.819601049635345 0
1756312413272 -61.819601049635345 0
1756312444364 -61.7635514098 0
1756312840582 -61.7635514098 0
1756313215196 -61.7635514098 0
1756313237320 -61.7635514098 0
1756313256022 -61.7635514098 0
1756313278600 -61.7635514098 0
1756314942075 -61.7635514098 0
1756315121745 -61.7635514098 0
1756315161089 -61.7635514098 0
1756315374392 -61.7635514098 0
