1756304549252 8.842748782199948 0
1756304632356 8.313358695543874 0
1756304656851 8.313358695543874 0
1756304677243 8.295738401170775 0
1756305095769 8.295738401170775 0
1756305127459 8.295738401170775 0
1756305145801 8.295738401170775 0
1756305177637 8.295738401170775 0
1756305479553 8.295738401170775 0
1756305504989 8.295738401170775 0
1756305512415 8.295738401170775 0
1756305539442 8.295738401170775 0
1756306708942 8.295738401170775 0
1756306820432 8.204089711318101 0
1756306837981 8.204089711318101 0
1756306973865 8.204089711318101 0
1756307788924 8.204089711318101 0
1756307854650 8.204089711318101 0
1756307879206 8.204089711318101 0
1756307916532 8.204089711318101 0
1756312031047 7.7835300266960745 0
1756312413272 7.7835300266960745 0
1756312444364 7.663581675130838 0
1756312840582 7.663581675130838 0
1756313215196 7.663581675130838 0
1756313237320 7.663581675130838 0
1756313256022 7.663581675130838 0
1756313278600 7.663581675130838 0
1756314942075 7.663581675130838 0
1756315121745 7.663581675130838 0
1756315161089 7.663581675130838 0
1756315374392 7.663581675130838 0
