1756304549252 -0.18634314839729926 0
1756304632356 -0.05816273365713287 0
1756304656851 -0.05816273365713287 0
1756304677243 -0.0544645243209807 0
1756305095769 -0.0544645243209807 0
1756305127459 -0.0544645243209807 0
1756305145801 -0.0544645243209807 0
1756305177637 -0.0544645243209807 0
1756305479553 -0.0544645243209807 0
1756305504989 -0.0544645243209807 0
1756305512415 -0.0544645243209807 0
1756305539442 -0.0544645243209807 0
1756306708942 -0.0544645243209807 0
1756306820432 -0.004402283734978862 0
1756306837981 -0.004402283734978862 0
1756306973865 -0.004402283734978862 0
1756307788924 -0.004402283734978862 0
1756307854650 -0.004402283734978862 0
1756307879206 -0.004402283734978862 0
1756307916532 -0.004402283734978862 0
1756312031047 0.02045196132992122 0
1756312413272 0.02045196132992122 0
1756312444364 0.03155143754434908 0
1756312840582 0.03155143754434908 0
1756313215196 0.03155143754434908 0
1756313237320 0.03155143754434908 0
1756313256022 0.03155143754434908 0
1756313278600 0.03155143754434908 0
1756314942075 0.03155143754434908 0
1756315121745 0.03155143754434908 0
1756315161089 0.03155143754434908 0
1756315374392 0.03155143754434908 0
