1756304549252 5.177029523454679 0
1756304632356 5.442805114278487 0
1756304656851 5.442805114278487 0
1756304677243 6.220620905828537 0
1756305095769 6.220620905828537 0
1756305127459 6.220620905828537 0
1756305145801 6.220620905828537 0
1756305177637 6.220620905828537 0
1756305479553 6.220620905828537 0
1756305504989 6.220620905828537 0
1756305512415 6.220620905828537 0
1756305539442 6.220620905828537 0
1756306708942 6.220620905828537 0
1756306820432 4.684375276642782 0
1756306837981 4.684375276642782 0
1756306973865 4.684375276642782 0
1756307788924 4.684375276642782 0
1756307854650 4.684375276642782 0
1756307879206 4.684375276642782 0
1756307916532 4.684375276642782 0
