1756304549252 43.29185773958282 0
1756304632356 48.38723945699904 0
1756304656851 48.38723945699904 0
1756304677243 64.3267458330591 0
1756305095769 64.3267458330591 0
1756305127459 64.3267458330591 0
1756305145801 64.3267458330591 0
1756305177637 64.3267458330591 0
1756305479553 64.3267458330591 0
1756305504989 64.3267458330591 0
1756305512415 64.3267458330591 0
1756305539442 64.3267458330591 0
1756306708942 64.3267458330591 0
1756306820432 37.00604748351527 0
1756306837981 37.00604748351527 0
1756306973865 37.00604748351527 0
1756307788924 37.00604748351527 0
1756307854650 37.00604748351527 0
1756307879206 37.00604748351527 0
1756307916532 37.00604748351527 0
