1756221911932 14.159682008352497 0
1756221984578 14.159682008352497 0
1756222011473 14.15968200835237 0
1756222048366 14.15968200835237 0
1756222659736 14.15968200835237 0
1756222687750 14.15968200835237 0
1756222702834 14.15968200835237 0
1756222731739 14.15968200835237 0
1756223092581 14.15968200835237 0
1756223121411 14.15968200835237 0
1756223128508 14.15968200835237 0
1756223158564 14.15968200835237 0
1756223689841 14.15968200835237 0
1756223801765 14.15968200835237 0
1756223816818 14.15968200835237 0
1756223948125 14.15968200835237 0
