1756221911932 10.47687532599154 0
1756221984578 10.47687532599154 0
1756222011473 10.476875325991433 0
1756222048366 10.476875325991433 0
1756222659736 10.476875325991433 0
1756222687750 10.476875325991433 0
1756222702834 10.476875325991433 0
1756222731739 10.476875325991433 0
1756223092581 10.476875325991433 0
1756223121411 10.476875325991433 0
1756223128508 10.476875325991433 0
1756223158564 10.476875325991433 0
1756223689841 10.476875325991433 0
1756223801765 10.476875325991433 0
1756223816818 10.476875325991433 0
1756223948125 10.476875325991433 0
