1756989468738 -1.4976661195425094 0
1756989540389 -1.4976661195425094 0
1756989563785 -1.4976661195425094 0
1756989583499 -0.45341151583975103 0
1756990121524 -0.36344631446470815 0
1756990149556 -0.37711854799021055 0
1756990165533 -0.37711854799021055 0
1756990193623 -0.37711854799021055 0
1756990543231 -0.45142917844950825 0
1756990570601 -0.45142917844950825 0
1756990578971 -0.45142917844950825 0
1756990608677 -0.45142917844950825 0
1756991143147 -0.45142917844950825 0
1756991276612 -0.45142917844950825 0
1756991293588 -0.45142917844950825 0
1756991445851 -0.45142917844950825 0
