1756989468738 6.743533977797432 0
1756989540389 6.743533977797432 0
1756989563785 6.743533977797432 0
1756989583499 4.683192680311702 0
1756990121524 4.438285388209987 0
1756990149556 4.4221277397289365 0
1756990165533 4.4221277397289365 0
1756990193623 4.4221277397289365 0
1756990543231 5.269049042081424 0
1756990570601 5.269049042081424 0
1756990578971 5.269049042081424 0
1756990608677 5.269049042081424 0
1756991143147 5.269049042081424 0
1756991276612 5.269049042081424 0
1756991293588 5.269049042081424 0
1756991445851 5.269049042081424 0
1756992649735 4.880621041212959 0
1756992754257 4.880621041212959 0
1756992873382 4.880621041212959 0
1756992977275 4.880621041212959 0
1756995199022 4.355495960702864 0
1756995668786 4.355495960702864 0
1756995712957 4.328160357773532 0
1756996229781 4.328160357773532 0
1756999412009 4.328160357773532 0
1756999430592 4.328160357773532 0
1756999446626 4.328160357773532 0
1756999466518 4.328160357773532 0
1757000039471 4.328160357773532 0
1757000135233 4.328160357773532 0
1757000164142 4.328160357773532 0
1757000304549 4.328160357773532 0
