1756989468738 -0.2509088491034972 0
1756989540389 -0.2509088491034972 0
1756989563785 -0.2509088491034972 0
1756989583499 -0.045540641936756554 0
1756990121524 0.04375271228262001 0
1756990149556 0.05140765985199047 0
1756990165533 0.05140765985199047 0
1756990193623 0.05140765985199047 0
1756990543231 0.07477337466869505 0
1756990570601 0.07477337466869505 0
1756990578971 0.07477337466869505 0
1756990608677 0.07477337466869505 0
1756991143147 0.07477337466869505 0
1756991276612 0.07477337466869505 0
1756991293588 0.07477337466869505 0
1756991445851 0.07477337466869505 0
1756992649735 0.09646008322429644 0
1756992754257 0.09646008322429644 0
1756992873382 0.09646008322429644 0
1756992977275 0.09646008322429644 0
1756995199022 0.10119218888679815 0
1756995668786 0.10119218888679815 0
1756995712957 0.10530847564557633 0
1756996229781 0.10530847564557633 0
1756999412009 0.10530847564557633 0
1756999430592 0.10530847564557633 0
1756999446626 0.10530847564557633 0
1756999466518 0.10530847564557633 0
1757000039471 0.10530847564557633 0
1757000135233 0.10530847564557633 0
1757000164142 0.10530847564557633 0
1757000304549 0.10530847564557633 0
