1756989468738 1.5891138650542616 0
1756989540389 1.5891138650542616 0
1756989563785 1.5891138650542616 0
1756989583499 1.452822790832228 0
1756990121524 1.389399994038415 0
1756990149556 1.3838276095436128 0
1756990165533 1.3838276095436128 0
1756990193623 1.3838276095436128 0
1756990543231 1.3666781323563044 0
1756990570601 1.3666781323563044 0
1756990578971 1.3666781323563044 0
1756990608677 1.3666781323563044 0
1756991143147 1.3666781323563044 0
1756991276612 1.3666781323563044 0
1756991293588 1.3666781323563044 0
1756991445851 1.3666781323563044 0
1756992649735 1.3505661369046347 0
1756992754257 1.3505661369046347 0
1756992873382 1.3505661369046347 0
1756992977275 1.3505661369046347 0
1756995199022 1.347024837042116 0
1756995668786 1.347024837042116 0
1756995712957 1.3439368001180776 0
1756996229781 1.3439368001180776 0
1756999412009 1.3439368001180776 0
1756999430592 1.3439368001180776 0
1756999446626 1.3439368001180776 0
1756999466518 1.3439368001180776 0
1757000039471 1.3439368001180776 0
1757000135233 1.3439368001180776 0
1757000164142 1.3439368001180776 0
1757000304549 1.3439368001180776 0
