1756716427217 1.7208270123309632 0
1756716487830 1.6141249457645954 0
1756716509955 1.6141249457645954 0
1756716532928 1.449050107977587 0
1756716962954 1.447091666666667 0
1756716992550 1.447091666666667 0
1756717008487 1.447091666666667 0
1756717040703 1.447091666666667 0
1756717359646 1.447091666666667 0
1756717389774 1.447091666666667 0
1756717396989 1.447091666666667 0
1756717428342 1.447091666666667 0
1756718176693 1.447091666666667 0
1756718300687 1.447091666666667 0
1756718317797 1.447091666666667 0
1756718457351 1.447091666666667 0
