1756716427217 -0.2820835723585853 0
1756716487830 -0.11896183302419217 0
1756716509955 -0.11896183302419217 0
1756716532928 -0.04575261387881846 0
1756716962954 0.06175596730751187 0
1756716992550 0.06175596730751187 0
1756717008487 0.06175596730751187 0
1756717040703 0.06175596730751187 0
1756717359646 0.06175596730751187 0
1756717389774 0.06175596730751187 0
1756717396989 0.06175596730751187 0
1756717428342 0.06175596730751187 0
1756718176693 0.06175596730751187 0
1756718300687 0.06175596730751187 0
1756718317797 0.06175596730751187 0
1756718457351 0.06175596730751187 0
