1756716427217 1.4149775734616896 0
1756716487830 0.9219330216851651 0
1756716509955 0.9219330216851651 0
1756716532928 1.334895398379438 0
1756716962954 0.4912856287425147 0
1756716992550 0.4912856287425147 0
1756717008487 0.4912856287425147 0
1756717040703 0.4912856287425147 0
1756717359646 0.4912856287425147 0
1756717389774 0.4912856287425147 0
1756717396989 0.4912856287425147 0
1756717428342 0.4912856287425147 0
1756718176693 0.4912856287425147 0
1756718300687 0.4912856287425147 0
1756718317797 0.4912856287425147 0
1756718457351 0.4912856287425147 0
