1756716427217 1.7565637605827853 0
1756716487830 1.2277049683351693 0
1756716509955 1.2277049683351693 0
1756716532928 1.6800637984553943 0
1756716962954 0.6396318710860032 0
1756716992550 0.6396318710860032 0
1756717008487 0.6396318710860032 0
1756717040703 0.6396318710860032 0
1756717359646 0.6396318710860032 0
1756717389774 0.6396318710860032 0
1756717396989 0.6396318710860032 0
1756717428342 0.6396318710860032 0
1756718176693 0.6396318710860032 0
1756718300687 0.6396318710860032 0
1756718317797 0.6396318710860032 0
1756718457351 0.6396318710860032 0
