1757491503319 -3519.362304934566 0
1757491572342 -5528.280605199846 0
1757491602173 -5528.280605199846 0
1757491636766 -4942.377330692954 0
1757492128886 -4942.377330692954 0
1757492159158 -4942.377330692954 0
1757492175849 -4942.377330692954 0
1757492206837 -4942.377330692954 0
1757492551362 -4942.377330692954 0
1757492584379 -4942.377330692954 0
1757492592321 -4942.377330692954 0
1757492627625 -4942.377330692954 0
1757493070272 -4942.377330692954 0
1757493203033 -4942.377330692954 0
1757493220782 -4942.377330692954 0
1757493373429 -4942.377330692954 0
