1757491503319 11289333.510844238 0
1757491572342 11289330.295213098 0
1757491602173 11289330.295213098 0
1757491636766 11289320.667948931 0
1757492128886 11289320.667948931 0
1757492159158 11289320.667948931 0
1757492175849 11289320.667948931 0
1757492206837 11289320.667948931 0
1757492551362 11289320.667948931 0
1757492584379 11289320.667948931 0
1757492592321 11289320.667948931 0
1757492627625 11289320.667948931 0
1757493070272 11289320.667948931 0
1757493203033 11289320.667948931 0
1757493220782 11289320.667948931 0
1757493373429 11289320.667948931 0
