1757491503319 0.6078270404563797 0
1757491572342 0.23725869908527297 0
1757491602173 0.23725869908527297 0
1757491636766 -0.6102985316852925 0
1757492128886 -0.6102985316852925 0
1757492159158 -0.6102985316852925 0
1757492175849 -0.6102985316852925 0
1757492206837 -0.6102985316852925 0
1757492551362 -0.6102985316852925 0
1757492584379 -0.6102985316852925 0
1757492592321 -0.6102985316852925 0
1757492627625 -0.6102985316852925 0
1757493070272 -0.6102985316852925 0
1757493203033 -0.6102985316852925 0
1757493220782 -0.6102985316852925 0
1757493373429 -0.6102985316852925 0
