1757491503319 44.03361342165682 0
1757491572342 61.409298194443124 0
1757491602173 61.409298194443124 0
1757491636766 89.22749507676048 0
1757492128886 89.22749507676048 0
1757492159158 89.22749507676048 0
1757492175849 89.22749507676048 0
1757492206837 89.22749507676048 0
1757492551362 89.22749507676048 0
1757492584379 89.22749507676048 0
1757492592321 89.22749507676048 0
1757492627625 89.22749507676048 0
1757493070272 89.22749507676048 0
1757493203033 89.22749507676048 0
1757493220782 89.22749507676048 0
1757493373429 89.22749507676048 0
