1756319021087 -285.0043400430612 0
1756319081797 -285.0043400430612 0
1756319107300 -285.0043400430612 0
1756319137056 -198.5589878610743 0
1756319675987 -143.67682601818734 0
1756319704304 -143.67682601818734 0
1756319720000 -143.67682601818734 0
1756319748458 -143.67682601818734 0
1756320101545 -143.67682601818734 0
1756320128668 -143.67682601818734 0
1756320135623 -143.67682601818734 0
1756320164645 -143.67682601818734 0
1756320695159 -147.31837795349784 0
1756320821267 -147.31837795349784 0
1756320837551 -147.31837795349784 0
1756320980640 -147.31837795349784 0
