1756319021087 16.208016665485808 0
1756319081797 16.208016665485808 0
1756319107300 16.208016665485808 0
1756319137056 12.936241543294297 0
1756319675987 11.190081611248976 0
1756319704304 11.190081611248976 0
1756319720000 11.190081611248976 0
1756319748458 11.190081611248976 0
1756320101545 11.190081611248976 0
1756320128668 11.190081611248976 0
1756320135623 11.190081611248976 0
1756320164645 11.190081611248976 0
1756320695159 11.03102626942897 0
1756320821267 11.03102626942897 0
1756320837551 11.03102626942897 0
1756320980640 11.03102626942897 0
