1756319021087 -0.29457880054983754 0
1756319081797 -0.29457880054983754 0
1756319107300 -0.29457880054983754 0
1756319137056 -0.022348028901777894 0
1756319675987 0.1369791866932969 0
1756319704304 0.1369791866932969 0
1756319720000 0.1369791866932969 0
1756319748458 0.1369791866932969 0
1756320101545 0.1369791866932969 0
1756320128668 0.1369791866932969 0
1756320135623 0.1369791866932969 0
1756320164645 0.1369791866932969 0
1756320695159 0.165707001809848 0
1756320821267 0.165707001809848 0
1756320837551 0.165707001809848 0
1756320980640 0.165707001809848 0
