1756319021087 7.4781934926698925 0
1756319081797 7.4781934926698925 0
1756319107300 7.4781934926698925 0
1756319137056 10.41450839009064 0
1756319675987 3.6770995005885525 0
1756319704304 3.6770995005885525 0
1756319720000 3.6770995005885525 0
1756319748458 3.6770995005885525 0
1756320101545 3.6770995005885525 0
1756320128668 3.6770995005885525 0
1756320135623 3.6770995005885525 0
1756320164645 3.6770995005885525 0
1756320695159 0.04807330086117708 0
1756320821267 0.04807330086117708 0
1756320837551 0.04807330086117708 0
1756320980640 0.04807330086117708 0
