1755903973940 9.126690007599006 0
1755904554318 9.340616009396143 0
1755904608311 7.67477768951097 0
1755905610645 7.67477768951097 0
1755912294556 7.474235630483051 0
1755913221261 7.474235630483051 0
1755913301546 7.474235630483051 0
1755914256194 7.474235630483051 0
1755914640598 7.474235630483051 0
1755914661452 7.474235630483051 0
1755914681622 7.474235630483051 0
1755914704982 7.474235630483051 0
1755918141322 7.474235630483051 0
1755918416194 7.474235630483051 0
1755918461175 7.474235630483051 0
1755918847952 7.474235630483051 0
