1755903973940 -0.4664259069839818 0
1755904554318 -0.45097513279981927 0
1755904608311 -0.09762982761676797 0
1755905610645 -0.09762982761676797 0
1755912294556 -0.0019515490493127174 0
1755913221261 -0.0019515490493127174 0
1755913301546 -0.0019515490493127174 0
1755914256194 -0.0019515490493127174 0
1755914640598 -0.0019515490493127174 0
1755914661452 -0.0019515490493127174 0
1755914681622 -0.0019515490493127174 0
1755914704982 -0.0019515490493127174 0
1755918141322 -0.0019515490493127174 0
1755918416194 -0.0019515490493127174 0
1755918461175 -0.0019515490493127174 0
1755918847952 -0.0019515490493127174 0
