1756552857889 -24.778585589172685 0
1756552928092 -24.778585589172685 0
1756552953833 -24.778585589172685 0
1756552990739 -57.06065818098497 0
1756553475694 -57.06065818098497 0
1756553506502 -57.06065818098497 0
1756553522610 -57.06065818098497 0
1756553553982 -57.06065818098497 0
1756553889584 -57.06065818098497 0
1756553923794 -57.06065818098497 0
1756553930647 -57.06065818098497 0
1756553965230 -57.06065818098497 0
1756554698343 -57.06065818098497 0
1756554838085 -57.06065818098497 0
1756554854847 -57.06065818098497 0
1756555009640 -57.06065818098497 0
