1756552857889 4.9778093162728405 0
1756552928092 4.9778093162728405 0
1756552953833 4.9778093162728405 0
1756552990739 7.553850553259905 0
1756553475694 7.553850553259905 0
1756553506502 7.553850553259905 0
1756553522610 7.553850553259905 0
1756553553982 7.553850553259905 0
1756553889584 7.553850553259905 0
1756553923794 7.553850553259905 0
1756553930647 7.553850553259905 0
1756553965230 7.553850553259905 0
1756554698343 7.553850553259905 0
1756554838085 7.553850553259905 0
1756554854847 7.553850553259905 0
1756555009640 7.553850553259905 0
