1756475891716 -67.74216599390826 0
1756475967639 -67.74216599390826 0
1756475997005 -67.74216599390871 0
1756476029870 -90.35407516345163 0
1756476682242 -68.88873251215414 0
1756476708810 -68.88873251215414 0
1756476724088 -68.88873251215414 0
1756476751041 -68.88873251215414 0
1756477124593 -68.88873251215414 0
1756477150759 -68.88873251215414 0
1756477157689 -68.88873251215414 0
1756477185185 -68.88873251215414 0
1756477508764 -68.88873251215414 0
1756477619313 -68.88873251215414 0
1756477636310 -68.88873251215414 0
1756477765612 -68.88873251215414 0
