1756475891716 6.8214543710529165 0
1756475967639 6.8214543710529165 0
1756475997005 6.8214543710529 0
1756476029870 9.439199949500004 0
1756476682242 3.033547435375726 0
1756476708810 3.033547435375726 0
1756476724088 3.033547435375726 0
1756476751041 3.033547435375726 0
1756477124593 3.033547435375726 0
1756477150759 3.033547435375726 0
1756477157689 3.033547435375726 0
1756477185185 3.033547435375726 0
1756477508764 3.033547435375726 0
1756477619313 3.033547435375726 0
1756477636310 3.033547435375726 0
1756477765612 3.033547435375726 0
