1757541240182 -11.78317879876772 0
1757541321131 -1.1776288116953944 0
1757541358201 -1.1776288116953944 0
1757541412927 -0.016101504520278143 0
1757541775873 0.08409281259770418 0
1757541802387 0.08409281259770418 0
1757541818238 0.08409281259770418 0
1757541845277 0.08409281259770418 0
1757542135945 0.08409281259770418 0
1757542160015 0.08409281259770418 0
1757542167805 0.08409281259770418 0
1757542193458 0.08409281259770418 0
1757543359144 0.10168177475414364 0
1757543472349 0.10168177475414364 0
1757543490443 0.10168177475414364 0
1757543621348 0.10168177475414364 0
