1757541240182 27.53598545322875 0
1757541321131 12.374620385405436 0
1757541358201 12.374620385405436 0
1757541412927 12.164895977709797 0
1757541775873 5.378102530942798 0
1757541802387 5.378102530942798 0
1757541818238 5.378102530942798 0
1757541845277 5.378102530942798 0
1757542135945 5.378102530942798 0
1757542160015 5.378102530942798 0
1757542167805 5.378102530942798 0
1757542193458 5.378102530942798 0
1757543359144 5.14656286035852 0
1757543472349 5.14656286035852 0
1757543490443 5.14656286035852 0
1757543621348 5.14656286035852 0
