1756804161934 2.887472031125516 0
1756804257231 2.8324658134857237 0
1756804297212 2.8324658134857237 0
1756804384371 2.0437867299324592 0
1756807974232 2.0437867299324592 0
1756808342223 2.0437867299324592 0
1756808379439 2.0437867299324592 0
1756808817342 2.0437867299324592 0
1756809085472 2.0437867299324592 0
1756809102856 2.0437867299324592 0
1756809117787 2.0437867299324592 0
1756809140156 2.0437867299324592 0
1756809981464 2.0437867299324592 0
1756810036222 2.0085281423478305 0
1756810060623 1.9392692592591958 0
1756810169714 1.8688490015512993 0
