1756804161934 1.1808960947963472 0
1756804257231 1.1696359984932396 0
1756804297212 1.1696359984932396 0
1756804384371 0.7954238321440653 0
1756807974232 0.7954238321440653 0
1756808342223 0.7954238321440653 0
1756808379439 0.7954238321440653 0
1756808817342 0.7954238321440653 0
1756809085472 0.7954238321440653 0
1756809102856 0.7954238321440653 0
1756809117787 0.7954238321440653 0
1756809140156 0.7954238321440653 0
1756809981464 0.7954238321440653 0
1756810036222 0.7819863344877521 0
1756810060623 0.7745953370733581 0
1756810169714 0.7586946415242468 0
