1756719532869 1.4405794828260865 0
1756719581952 1.4405794828260865 0
1756719620754 1.4405794828260865 0
1756719703479 1.4405794828260865 0
1756721965377 1.4405794828260865 0
1756722366593 1.4405794828260865 0
1756722401830 1.4461989927356598 0
1756722877471 1.4461989927356598 0
1756724624034 1.4461989927356598 0
1756724638346 1.4461989927356598 0
1756724651426 1.4461989927356598 0
1756724667350 1.4461989927356598 0
1756725356563 1.4461989927356598 0
1756725415294 1.4461989927356598 0
1756725453007 1.4461989927356598 0
1756725580353 1.4461989927356598 0
