1756719532869 24.906806761418025 0
1756719581952 24.906806761418025 0
1756719620754 24.906806761418025 0
1756719703479 24.906806761418025 0
1756721965377 24.906806761418025 0
1756722366593 24.906806761418025 0
1756722401830 24.945642755783673 0
1756722877471 24.945642755783673 0
1756724624034 24.945642755783673 0
1756724638346 24.945642755783673 0
1756724651426 24.945642755783673 0
1756724667350 24.945642755783673 0
1756725356563 24.945642755783673 0
1756725415294 24.945642755783673 0
1756725453007 24.945642755783673 0
1756725580353 24.945642755783673 0
