1756719532869 0.04905189754655648 0
1756719581952 0.04905189754655648 0
1756719620754 0.04905189754655648 0
1756719703479 0.04905189754655648 0
1756721965377 0.04905189754655648 0
1756722366593 0.04905189754655648 0
1756722401830 0.06701552308993597 0
1756722877471 0.06701552308993597 0
1756724624034 0.06701552308993597 0
1756724638346 0.06701552308993597 0
1756724651426 0.06701552308993597 0
1756724667350 0.06701552308993597 0
1756725356563 0.06701552308993597 0
1756725415294 0.06701552308993597 0
1756725453007 0.06701552308993597 0
1756725580353 0.06701552308993597 0
