1757491810946 80.39933166741767 0
1757491881313 80.39933166741767 0
1757491907220 80.39933166741766 0
1757491936237 80.39933166741766 0
1757492315005 80.39933166741766 0
1757492342314 80.39933166741766 0
1757492358553 80.39933166741766 0
1757492386256 80.39933166741766 0
1757492705593 80.39933166741766 0
1757492730502 80.39933166741766 0
1757492738265 80.39933166741766 0
1757492763369 80.39933166741766 0
1757493540942 80.39933166741766 0
1757493597479 80.39933166741766 0
1757493611325 80.39933166741766 0
1757493688557 80.39933166741766 0
