1757491810946 495990.66179284157 0
1757491881313 495990.66179284157 0
1757491907220 495990.66179284157 0
1757491936237 495990.66179284157 0
1757492315005 495990.66179284157 0
1757492342314 495990.66179284157 0
1757492358553 495990.66179284157 0
1757492386256 495990.66179284157 0
1757492705593 495990.66179284157 0
1757492730502 495990.66179284157 0
1757492738265 495990.66179284157 0
1757492763369 495990.66179284157 0
1757493540942 495990.66179284157 0
1757493597479 495990.66179284157 0
1757493611325 495990.66179284157 0
1757493688557 495990.66179284157 0
