1757491810946 -37137248102454.26 0
1757491881313 -37137248102454.26 0
1757491907220 -37137248102454.26 0
1757491936237 -37137248102454.26 0
1757492315005 -37137248102454.26 0
1757492342314 -37137248102454.26 0
1757492358553 -37137248102454.26 0
1757492386256 -37137248102454.26 0
1757492705593 -37137248102454.26 0
1757492730502 -37137248102454.26 0
1757492738265 -37137248102454.26 0
1757492763369 -37137248102454.26 0
1757493540942 -37137248102454.26 0
1757493597479 -37137248102454.26 0
1757493611325 -37137248102454.26 0
1757493688557 -37137248102454.26 0
