1757540432034 -105.54023914983978 0
1757540503837 -105.54023914983978 0
1757540543605 -105.54023914983952 0
1757540591481 -105.54023914983952 0
1757541428182 -105.54023914983952 0
1757541453999 -133.29212921640527 0
1757541469049 -133.29212921640527 0
1757541495451 -133.29212921640527 0
1757541852810 -133.29212921640527 0
1757541879361 -133.29212921640527 0
1757541886551 -133.29212921640527 0
1757541914607 -133.29212921640527 0
1757542209432 -133.29212921640527 0
1757542313834 -133.29212921640527 0
1757542329830 -133.29212921640527 0
1757542451090 -133.29212921640527 0
1757543700542 -133.29212921640527 0
1757543816288 -133.29212921640527 0
1757543845154 -133.29212921640527 0
1757543922225 -133.29212921640527 0
1757545080045 -133.29212921640527 0
1757545450698 -133.29212921640527 0
1757545485890 -133.29212921640527 0
1757545929538 -133.29212921640527 0
1757549303754 -133.29212921640527 0
1757549322348 -133.29212921640527 0
1757549336597 -133.29212921640527 0
1757549353369 -133.29212921640527 0
1757549621343 -133.29212921640527 0
1757549751606 -133.29212921640527 0
1757549792418 -133.29212921640527 0
1757549917007 -133.29212921640527 0
