1757540432034 0.6141453237365089 0
1757540503837 0.6141453237365089 0
1757540543605 0.6141453237365061 0
1757540591481 0.6141453237365061 0
1757541428182 0.6141453237365061 0
1757541453999 0.5486162621601809 0
1757541469049 0.5486162621601809 0
1757541495451 0.5486162621601809 0
1757541852810 0.5486162621601809 0
1757541879361 0.5486162621601809 0
1757541886551 0.5486162621601809 0
1757541914607 0.5486162621601809 0
1757542209432 0.5486162621601809 0
1757542313834 0.5486162621601809 0
1757542329830 0.5486162621601809 0
1757542451090 0.5486162621601809 0
1757543700542 0.5486162621601809 0
1757543816288 0.5486162621601809 0
1757543845154 0.5486162621601809 0
1757543922225 0.5486162621601809 0
1757545080045 0.5486162621601809 0
1757545450698 0.5486162621601809 0
1757545485890 0.5486162621601809 0
1757545929538 0.5486162621601809 0
1757549303754 0.5486162621601809 0
1757549322348 0.5486162621601809 0
1757549336597 0.5486162621601809 0
1757549353369 0.5486162621601809 0
1757549621343 0.5486162621601809 0
1757549751606 0.5486162621601809 0
1757549792418 0.5486162621601809 0
1757549917007 0.5486162621601809 0
