1756277389983 -5.673508927849641 0
1756277440143 -5.673508927849641 0
1756277497136 -5.673508927849632 0
1756277515307 -0.12822856445766218 0
1756278126638 -0.05788202596304037 0
1756278150997 -0.009257826327433882 0
1756278166172 -0.009257826327433882 0
1756278193433 -0.009257826327433882 0
1756278565119 0.005986465382612827 0
1756278589688 0.005986465382612827 0
1756278596429 0.005986465382612827 0
1756278624618 0.005986465382612827 0
1756278978400 0.005986465382612827 0
1756279035540 0.005986465382612827 0
1756279050575 0.005986465382612827 0
1756279129907 0.005986465382612827 0
1756279935705 0.005986465382612827 0
1756280031762 0.005986465382612827 0
1756280065842 0.005986465382612827 0
1756280101207 0.005986465382612827 0
1756280908044 0.005986465382612827 0
1756281274437 0.020952370458903413 0
1756281303637 0.020952370458903413 0
1756281686338 0.020952370458903413 0
1756285968973 0.020952370458903413 0
1756285987769 0.020952370458903413 0
1756286003312 0.020952370458903413 0
1756286023988 0.020952370458903413 0
1756286362725 0.020952370458903413 0
1756286417179 0.020952370458903413 0
1756286441348 0.020952370458903413 0
1756286528104 0.020952370458903413 0
