1756555880335 7.916661210541358 0
1756555943784 7.916661210541358 0
1756555983334 7.900262641766492 0
1756556099604 6.913781960468827 0
1756558057973 6.913781960468827 0
1756558585709 6.913781960468827 0
1756558621701 6.913781960468827 0
1756559158673 6.913781960468827 0
1756562199999 6.835883434171578 0
1756562216482 6.681710612385619 0
1756562229913 6.681710612385619 0
1756562250047 6.681710612385619 0
1756562759557 6.681710612385619 0
1756562846944 6.6691913155554445 0
1756562885022 6.6691913155554445 0
1756563098852 6.6691913155554445 0
