1757491202323 -38674117872551.23 0
1757491268788 -38674117872551.23 0
1757491299615 -38674117872551.23 0
1757491329757 -38674158244721.305 0
1757491951682 -38674158244721.305 0
1757491979295 -38674158244721.305 0
1757491994696 -38674158244721.305 0
1757492021634 -38674158244721.305 0
1757492395054 -38674158244721.305 0
1757492424333 -38674158244721.305 0
1757492431643 -38674158244721.305 0
1757492462171 -38674158244721.305 0
1757492776104 -38674158244721.305 0
1757492818701 -38674158244721.305 0
1757492830615 -38674158244721.305 0
1757492890621 -38674158244721.305 0
1757493763021 -38674158244721.305 0
1757493791012 -38674158244721.305 0
1757493824902 -38674158244721.305 0
