1757491202323 86.09035003898103 0
1757491268788 86.09035003898103 0
1757491299615 86.09035003898086 0
1757491329757 68.53025525662092 0
1757491951682 68.53025525662092 0
1757491979295 68.53025525662092 0
1757491994696 68.53025525662092 0
1757492021634 68.53025525662092 0
1757492395054 68.53025525662092 0
1757492424333 68.53025525662092 0
1757492431643 68.53025525662092 0
1757492462171 68.53025525662092 0
1757492776104 68.53025525662092 0
1757492818701 68.53025525662092 0
1757492830615 68.53025525662092 0
1757492890621 68.53025525662092 0
1757493763021 68.53025525662092 0
1757493791012 68.53025525662092 0
1757493824902 68.53025525662092 0
1757493890227 68.01703616803535 0
1757494971424 68.01703616803535 0
1757495360216 68.01703616803535 0
1757495393123 68.01703616803535 0
1757495821801 68.01703616803535 0
1757500166640 68.01703616803535 0
1757500192410 63.686144440548205 0
1757500206610 63.686144440548205 0
1757500227663 62.68669505957351 0
1757500542764 62.68669505957351 0
1757500660390 62.68669505957351 0
1757500688218 62.68669505957351 0
1757500804667 62.68669505957351 0
