1757491202323 -37635657985949.5 0
1757491268788 -37635657985949.5 0
1757491299615 -37635657985949.5 0
1757491329757 -37635934116266.234 0
1757491951682 -37635934116266.234 0
1757491979295 -37635934116266.234 0
1757491994696 -37635934116266.234 0
1757492021634 -37635934116266.234 0
1757492395054 -37635934116266.234 0
1757492424333 -37635934116266.234 0
1757492431643 -37635934116266.234 0
1757492462171 -37635934116266.234 0
1757492776104 -37635934116266.234 0
1757492818701 -37635934116266.234 0
1757492830615 -37635934116266.234 0
1757492890621 -37635934116266.234 0
1757493763021 -37635934116266.234 0
1757493791012 -37635934116266.234 0
1757493824902 -37635934116266.234 0
