1757521186056 482.3305150204127 0
1757521348464 482.3305150204127 0
1757521416965 482.3305150204127 0
1757521518143 460.4593008559831 0
1757524170359 417.0918548657363 0
1757524529802 418.77674050477583 0
1757524563858 418.77674050477583 0
1757524920552 418.77674050477583 0
1757526701718 404.0871012240636 0
1757526720182 404.0871012240636 0
1757526733747 404.0871012240636 0
1757526749838 404.0871012240636 0
1757527441968 404.0871012240636 0
1757527570013 404.0871012240636 0
1757527596989 404.0871012240636 0
1757527719495 404.0871012240636 0
