1757521186056 14.507793183197931 0
1757521348464 14.507793183197931 0
1757521416965 14.507793183197931 0
1757521518143 14.232342867541977 0
1757524170359 12.950686575986353 0
1757524529802 13.086232731628733 0
1757524563858 13.086232731628733 0
1757524920552 13.086232731628733 0
1757526701718 12.466354449269389 0
1757526720182 12.466354449269389 0
1757526733747 12.466354449269389 0
1757526749838 12.466354449269389 0
1757527441968 12.466354449269389 0
1757527570013 12.466354449269389 0
1757527596989 12.466354449269389 0
1757527719495 12.466354449269389 0
