1757406989407 2.983625185997449 0
1757407055549 2.983625185997449 0
1757407082187 2.983625185997449 0
1757407100400 2.983625185997449 0
1757407568956 2.983625185997449 0
1757407607222 2.983625185997449 0
1757407626328 2.983625185997449 0
1757407663011 2.983625185997449 0
1757408152150 2.983625185997449 0
1757408201409 2.983625185997449 0
1757408209986 2.983625185997449 0
1757408260583 2.983625185997449 0
1757408919510 2.983625185997449 0
1757408979409 2.983625185997449 0
1757408995063 2.983625185997449 0
1757409073773 2.983625185997449 0
1757409539126 1.3801571135305495 0
1757409556207 1.3801571135305495 0
1757409574676 1.377466367931193 0
1757409598682 1.377466367931193 0
1757413366642 1.377466367931193 0
1757414017568 1.377466367931193 0
1757414049335 1.377466367931193 0
1757414512146 1.377466367931193 0
1757415956553 0.23585010999967757 0
1757415976630 0.23585010999967757 0
1757415993058 0.23585010999967757 0
1757416013778 0.21674012525461014 0
1757416911686 0.21674012525461014 0
1757416987362 0.21674012525461014 0
1757417020985 0.21674012525461014 0
1757417115542 0.21674012525461014 0
