1757406989407 5225.589423412691 0
1757407055549 5225.589423412691 0
1757407082187 5225.589423412691 0
1757407100400 5225.589423412691 0
1757407568956 5225.589423412691 0
1757407607222 5225.589423412691 0
1757407626328 5225.589423412691 0
1757407663011 5225.589423412691 0
1757408152150 5225.589423412691 0
1757408201409 5225.589423412691 0
1757408209986 5225.589423412691 0
1757408260583 5225.589423412691 0
1757408919510 5225.589423412691 0
1757408979409 5225.589423412691 0
1757408995063 5225.589423412691 0
1757409073773 5225.589423412691 0
1757409539126 2543.7296582987924 0
1757409556207 2543.7296582987924 0
1757409574676 2536.9862964259164 0
1757409598682 2536.9862964259164 0
1757413366642 2536.9862964259164 0
1757414017568 2536.9862964259164 0
1757414049335 2536.9862964259164 0
1757414512146 2536.9862964259164 0
1757415956553 136.01121548977096 0
1757415976630 136.01121548977096 0
1757415993058 136.01121548977096 0
1757416013778 96.94585623182124 0
1757416911686 96.94585623182124 0
1757416987362 96.94585623182124 0
1757417020985 96.94585623182124 0
1757417115542 96.94585623182124 0
