1756799793640 -0.9783092336669557 0
1756799869651 -0.32046528503793903 0
1756799897271 -0.32046528503793903 0
1756799921971 -0.32046528503793903 0
1756800568949 -0.32046528503793903 0
1756800596445 -0.27623407836654 0
1756800612227 -0.27623407836654 0
1756800640233 -0.27623407836654 0
1756801026996 -0.27623407836654 0
1756801059363 -0.27623407836654 0
1756801066936 -0.27623407836654 0
1756801102483 -0.27623407836654 0
1756801425467 -0.04537182502748505 0
1756801533604 -0.008130670150293895 0
1756801551137 -0.008130670150293895 0
1756801674760 -0.008130670150293895 0
1756802989181 -0.008130670150293895 0
1756803111952 -0.008130670150293895 0
1756803192545 -0.008130670150293895 0
1756803268613 -0.008130670150293895 0
1756804416108 -0.008130670150293895 0
1756804810265 -0.008130670150293895 0
1756804849185 -0.008130670150293895 0
1756805351199 -0.008130670150293895 0
1756808831829 -0.008130670150293895 0
1756808849970 -0.008130670150293895 0
1756808862864 -0.008130670150293895 0
1756808878347 -0.008130670150293895 0
1756809168242 -0.008130670150293895 0
1756809238813 -0.008130670150293895 0
1756809262132 -0.008130670150293895 0
1756809370787 -0.008130670150293895 0
