1756799793640 3.4176840201437555 0
1756799869651 2.9940781822140465 0
1756799897271 2.9940781822140465 0
1756799921971 2.9940781822140465 0
1756800568949 2.9940781822140465 0
1756800596445 1.7773304366930867 0
1756800612227 1.7773304366930867 0
1756800640233 1.7773304366930867 0
1756801026996 1.7773304366930867 0
1756801059363 1.7773304366930867 0
1756801066936 1.7773304366930867 0
1756801102483 1.7773304366930867 0
1756801425467 2.081298305454618 0
1756801533604 1.3598495638809334 0
1756801551137 1.3598495638809334 0
1756801674760 1.3598495638809334 0
1756802989181 1.3598495638809334 0
1756803111952 1.3598495638809334 0
1756803192545 1.3598495638809334 0
1756803268613 1.3598495638809334 0
1756804416108 1.3598495638809334 0
1756804810265 1.3598495638809334 0
1756804849185 1.3598495638809334 0
1756805351199 1.3598495638809334 0
1756808831829 1.3598495638809334 0
1756808849970 1.3598495638809334 0
1756808862864 1.3598495638809334 0
1756808878347 1.3598495638809334 0
1756809168242 1.3598495638809334 0
1756809238813 1.3598495638809334 0
1756809262132 1.3598495638809334 0
1756809370787 1.3598495638809334 0
