1756799793640 -0.0882205437641228 0
1756799869651 0.04665926741108806 0
1756799897271 0.04665926741108806 0
1756799921971 0.04665926741108806 0
1756800568949 0.04665926741108806 0
1756800596445 0.4340824128658557 0
1756800612227 0.4340824128658557 0
1756800640233 0.4340824128658557 0
1756801026996 0.4340824128658557 0
1756801059363 0.4340824128658557 0
1756801066936 0.4340824128658557 0
1756801102483 0.4340824128658557 0
1756801425467 0.3372963795518158 0
1756801533604 0.5670119814699341 0
1756801551137 0.5670119814699341 0
1756801674760 0.5670119814699341 0
1756802989181 0.5670119814699341 0
1756803111952 0.5670119814699341 0
1756803192545 0.5670119814699341 0
1756803268613 0.5670119814699341 0
1756804416108 0.5670119814699341 0
1756804810265 0.5670119814699341 0
1756804849185 0.5670119814699341 0
1756805351199 0.5670119814699341 0
1756808831829 0.5670119814699341 0
1756808849970 0.5670119814699341 0
1756808862864 0.5670119814699341 0
1756808878347 0.5670119814699341 0
1756809168242 0.5670119814699341 0
1756809238813 0.5670119814699341 0
1756809262132 0.5670119814699341 0
1756809370787 0.5670119814699341 0
