1756235972087 7.627137615183895 0
1756236051893 7.627137615183895 0
1756236080686 7.627137615183797 0
1756236108841 6.950358288418374 0
1756236493741 6.6182047436604226 0
1756236521622 6.6182047436604226 0
1756236538250 6.6182047436604226 0
1756236566916 6.6182047436604226 0
1756238408479 6.6182047436604226 0
1756238435108 6.6182047436604226 0
1756238442877 6.6182047436604226 0
1756238471513 6.6182047436604226 0
1756239839572 6.4259965532868835 0
1756239969926 6.4259965532868835 0
1756239988916 6.4259965532868835 0
1756240135811 6.4259965532868835 0
