1756235972087 5.016710375736584 0
1756236051893 5.016710375736584 0
1756236080686 5.0167103757363085 0
1756236108841 5.58311687500423 0
1756236493741 3.915512303619595 0
1756236521622 3.915512303619595 0
1756236538250 3.915512303619595 0
1756236566916 3.915512303619595 0
1756238408479 3.915512303619595 0
1756238435108 3.915512303619595 0
1756238442877 3.915512303619595 0
1756238471513 3.915512303619595 0
1756239839572 3.30356117884318 0
1756239969926 3.30356117884318 0
1756239988916 3.30356117884318 0
1756240135811 3.30356117884318 0
