1757491353395 -35048467142266.086 0
1757491418987 -35048467142266.086 0
1757491443582 -35048467142266.086 0
1757491473371 -35048435150104.414 0
1757492037535 -35048435150104.414 0
1757492067417 -35048435150104.414 0
1757492083689 -35048435150104.414 0
1757492113240 -35048435150104.414 0
1757492469611 -35048435150104.414 0
1757492502278 -35048435150104.414 0
1757492509902 -35048435150104.414 0
1757492544018 -35048435150104.414 0
1757492902535 -35048435150104.414 0
1757492959523 -35048435150104.414 0
1757492971472 -35048435150104.414 0
1757493052590 -35048435150104.414 0
1757493934905 -35048435150104.414 0
1757493958611 -35048435150104.414 0
1757493997740 -35048435150104.414 0
1757494055453 -35048435150104.414 0
1757495861979 -35048435150104.414 0
1757496336733 -35048435150104.414 0
1757496373999 -35048435150104.414 0
1757496973924 -35048435150104.414 0
1757500243917 -35048435150104.414 0
1757500261799 -35048435150104.414 0
1757500278161 -35048435150104.414 0
1757500303556 -35048435150104.414 0
1757500833477 -35048435150104.414 0
1757500909571 -35048435150104.414 0
1757500938049 -35048435150104.414 0
1757501058308 -35048435150104.414 0
