1757491353395 -2.7416727930577593 0
1757491418987 -2.7416727930577593 0
1757491443582 -2.741672793057759 0
1757491473371 -0.11795269910546757 0
1757492037535 -0.11795269910546757 0
1757492067417 -0.11795269910546757 0
1757492083689 -0.11795269910546757 0
1757492113240 -0.11795269910546757 0
1757492469611 -0.11795269910546757 0
1757492502278 -0.11795269910546757 0
1757492509902 -0.11795269910546757 0
1757492544018 -0.11795269910546757 0
1757492902535 -0.11795269910546757 0
1757492959523 -0.11795269910546757 0
1757492971472 -0.11795269910546757 0
1757493052590 -0.11795269910546757 0
1757493934905 -0.11795269910546757 0
1757493958611 -0.11795269910546757 0
1757493997740 -0.11795269910546757 0
1757494055453 -0.11795269910546757 0
1757495861979 -0.11795269910546757 0
1757496336733 -0.11795269910546757 0
1757496373999 -0.11795269910546757 0
1757496973924 -0.11795269910546757 0
1757500243917 -0.11795269910546757 0
1757500261799 -0.11795269910546757 0
1757500278161 -0.11795269910546757 0
1757500303556 -0.11795269910546757 0
1757500833477 -0.11795269910546757 0
1757500909571 -0.11795269910546757 0
1757500938049 -0.11795269910546757 0
1757501058308 -0.11795269910546757 0
