1757491353395 113.90222087576609 0
1757491418987 113.90222087576609 0
1757491443582 113.90222087576608 0
1757491473371 62.26027053533904 0
1757492037535 62.26027053533904 0
1757492067417 62.26027053533904 0
1757492083689 62.26027053533904 0
1757492113240 62.26027053533904 0
1757492469611 62.26027053533904 0
1757492502278 62.26027053533904 0
1757492509902 62.26027053533904 0
1757492544018 62.26027053533904 0
1757492902535 62.26027053533904 0
1757492959523 62.26027053533904 0
1757492971472 62.26027053533904 0
1757493052590 62.26027053533904 0
1757493934905 62.26027053533904 0
1757493958611 62.26027053533904 0
1757493997740 62.26027053533904 0
1757494055453 62.26027053533904 0
1757495861979 62.26027053533904 0
1757496336733 62.26027053533904 0
1757496373999 62.26027053533904 0
1757496973924 62.26027053533904 0
1757500243917 62.26027053533904 0
1757500261799 62.26027053533904 0
1757500278161 62.26027053533904 0
1757500303556 62.26027053533904 0
1757500833477 62.26027053533904 0
1757500909571 62.26027053533904 0
1757500938049 62.26027053533904 0
1757501058308 62.26027053533904 0
