1756887089791 -0.07703048153281658 0
1756887124614 -0.07703048153281658 0
1756887144335 -0.07703048153281658 0
1756887164196 -0.04984186209245275 0
1756887539196 -0.04984186209245275 0
1756887567489 -0.04984186209245275 0
1756887583939 -0.04984186209245275 0
1756887613583 -0.04984186209245275 0
1756887928639 -0.05439294086021505 0
1756887958553 -0.05439294086021505 0
1756887966850 -0.05439294086021505 0
1756887997051 -0.05439294086021505 0
1756889206314 -0.05439294086021505 0
1756889318900 -0.050512260604166005 0
1756889338798 -0.050512260604166005 0
1756889467944 -0.050512260604166005 0
