1756887089791 0.15719816744453893 0
1756887124614 0.15719816744453893 0
1756887144335 0.15719816744453893 0
1756887164196 0.13406944840065216 0
1756887539196 0.13406944840065216 0
1756887567489 0.13406944840065216 0
1756887583939 0.13406944840065216 0
1756887613583 0.13406944840065216 0
1756887928639 0.1414473684210526 0
1756887958553 0.1414473684210526 0
1756887966850 0.1414473684210526 0
1756887997051 0.1414473684210526 0
1756889206314 0.1414473684210526 0
1756889318900 0.13171966025703832 0
1756889338798 0.13171966025703832 0
1756889467944 0.13171966025703832 0
