1756887089791 -0.40515601859583406 0
1756887124614 -0.40515601859583406 0
1756887144335 -0.40515601859583406 0
1756887164196 -0.2188179781162778 0
1756887539196 -0.2188179781162778 0
1756887567489 -0.2188179781162778 0
1756887583939 -0.2188179781162778 0
1756887613583 -0.2188179781162778 0
1756887928639 -0.17700791043347874 0
1756887958553 -0.17700791043347874 0
1756887966850 -0.17700791043347874 0
1756887997051 -0.17700791043347874 0
1756889206314 -0.17700791043347874 0
1756889318900 5.6176923072359664e-05 0
1756889338798 5.6176923072359664e-05 0
1756889467944 5.6176923072359664e-05 0
