1756972764782 15.700375492493176 0
1756972828274 18.998714678342505 0
1756972863941 18.998714678342505 0
1756972919373 16.394897482988004 0
1756973730194 16.394897482988004 0
1756973757767 16.394897482988004 0
1756973774310 16.394897482988004 0
1756973801628 16.394897482988004 0
1756974174444 16.394897482988004 0
1756974203291 16.394897482988004 0
1756974210742 16.394897482988004 0
1756974240466 16.394897482988004 0
1756974548050 16.394897482988004 0
1756974661251 16.394897482988004 0
1756974682869 16.394897482988004 0
1756974812691 16.394897482988004 0
1756976182479 16.394897482988004 0
1756976262561 16.331845459054815 0
1756976327956 16.331845459054815 0
1756976407981 16.331845459054815 0
1756977643610 16.331845459054815 0
1756978055915 16.331845459054815 0
1756978094290 16.331845459054815 0
1756978720220 16.331845459054815 0
1756982365885 16.331845459054815 0
1756982385222 17.15320465881702 0
1756982402050 17.15320465881702 0
1756982423752 17.15320465881702 0
1756982719674 17.15320465881702 0
1756982787599 17.15320465881702 0
1756982848064 17.15320465881702 0
1756982963700 17.15320465881702 0
