1756972764782 30.926433644262094 0
1756972828274 38.993990251562714 0
1756972863941 38.993990251562714 0
1756972919373 39.743121299308946 0
1756973730194 39.743121299308946 0
1756973757767 39.743121299308946 0
1756973774310 39.743121299308946 0
1756973801628 39.743121299308946 0
1756974174444 39.743121299308946 0
1756974203291 39.743121299308946 0
1756974210742 39.743121299308946 0
1756974240466 39.743121299308946 0
1756974548050 39.743121299308946 0
1756974661251 39.743121299308946 0
1756974682869 39.743121299308946 0
1756974812691 39.743121299308946 0
1756976182479 39.743121299308946 0
