1756972764782 41.865075186230406 0
1756972828274 48.734673094046805 0
1756972863941 48.734673094046805 0
1756972919373 50.86433695544217 0
1756973730194 50.86433695544217 0
1756973757767 50.86433695544217 0
1756973774310 50.86433695544217 0
1756973801628 50.86433695544217 0
1756974174444 50.86433695544217 0
1756974203291 50.86433695544217 0
1756974210742 50.86433695544217 0
1756974240466 50.86433695544217 0
1756974548050 50.86433695544217 0
1756974661251 50.86433695544217 0
1756974682869 50.86433695544217 0
1756974812691 50.86433695544217 0
1756976182479 50.86433695544217 0
