1756225127132 -1.4733705183869605 0
1756225181222 -0.9596060256263279 0
1756225207067 -0.9596060256263279 0
1756225331407 -0.9596060256263279 0
1756227146075 -0.9596060256263279 0
1756227689067 -0.9596060256263279 0
1756227724802 -0.9596060256263279 0
1756228235976 -0.9596060256263279 0
1756232031957 -0.04291496747520007 0
1756232055182 -0.03580761613368755 0
1756232071616 -0.03580761613368755 0
1756232091646 -0.03580761613368755 0
1756232663124 -0.03580761613368755 0
1756232780584 -0.03580761613368755 0
1756232822347 -0.03580761613368755 0
1756233007524 -0.03580761613368755 0
