1757080387876 55.35782487314806 0
1757080424504 16.876229726239636 0
1757080532893 8.229674286628594 0
1757080620227 7.641029292562333 0
1757082294816 7.641029292562333 0
1757082664182 7.641029292562333 0
1757082698375 7.641029292562333 0
1757083075561 7.641029292562333 0
1757085842158 7.641029292562333 0
1757085858769 7.641029292562333 0
1757085872125 7.641029292562333 0
1757085890492 7.641029292562333 0
1757086341644 7.641029292562333 0
1757086420422 7.641029292562333 0
1757086449557 7.641029292562333 0
1757086613655 7.641029292562333 0
