1757080387876 121.79605870347521 0
1757080424504 37.07623600653815 0
1757080532893 17.857922546407348 0
1757080620227 15.301660864416213 0
1757082294816 15.301660864416213 0
1757082664182 15.301660864416213 0
1757082698375 15.301660864416213 0
1757083075561 15.301660864416213 0
1757085842158 15.301660864416213 0
1757085858769 15.301660864416213 0
1757085872125 15.301660864416213 0
1757085890492 15.301660864416213 0
1757086341644 15.301660864416213 0
1757086420422 15.301660864416213 0
1757086449557 15.301660864416213 0
1757086613655 15.301660864416213 0
