1756368836195 67.93520114749543 0
1756368876273 49.882739713524174 0
1756368910476 49.882739713524174 0
1756368952922 59.4714608199144 0
1756372609188 51.08024577639565 0
1756373153235 50.799204155269095 0
1756373184502 50.799204155269095 0
1756373740878 50.799204155269095 0
1756374871831 50.799204155269095 0
1756374887006 50.799204155269095 0
1756374899713 50.799204155269095 0
1756374917068 50.799204155269095 0
1756375542153 50.799204155269095 0
1756375592253 50.799204155269095 0
1756375619566 50.799204155269095 0
1756375710181 50.799204155269095 0
