1756716555736 1.3326920695475035 0
1756716613264 1.3326920695475035 0
1756716635611 1.3326920695475035 0
1756716654870 1.3031911803025262 0
1756717056886 1.1938311972853533 0
1756717084350 1.1938311972853533 0
1756717100860 1.1938311972853533 0
1756717129585 1.1938311972853533 0
1756717435738 1.1938311972853533 0
1756717461709 1.1938311972853533 0
1756717469209 1.1938311972853533 0
1756717497217 1.1938311972853533 0
1756718474144 1.1938311972853533 0
1756718587824 1.1938311972853533 0
1756718603929 1.1938311972853533 0
1756718734188 1.1938311972853533 0
