1756716555736 19.963768923146425 0
1756716613264 19.963768923146425 0
1756716635611 19.963768923146425 0
1756716654870 20.278521116008683 0
1756717056886 18.117181319977156 0
1756717084350 18.117181319977156 0
1756717100860 18.117181319977156 0
1756717129585 18.117181319977156 0
1756717435738 18.117181319977156 0
1756717461709 18.117181319977156 0
1756717469209 18.117181319977156 0
1756717497217 18.117181319977156 0
1756718474144 18.117181319977156 0
1756718587824 18.117181319977156 0
1756718603929 18.117181319977156 0
1756718734188 18.117181319977156 0
