1756716555736 2.8365510713699296 0
1756716613264 2.8365510713699296 0
1756716635611 2.8365510713699296 0
1756716654870 2.8729492476939544 0
1756717056886 0.3123436494873517 0
1756717084350 0.3123436494873517 0
1756717100860 0.3123436494873517 0
1756717129585 0.3123436494873517 0
1756717435738 0.3123436494873517 0
1756717461709 0.3123436494873517 0
1756717469209 0.3123436494873517 0
1756717497217 0.3123436494873517 0
1756718474144 0.3123436494873517 0
1756718587824 0.3123436494873517 0
1756718603929 0.3123436494873517 0
1756718734188 0.3123436494873517 0
