1756716555736 1.3141636278208568 0
1756716613264 1.3141636278208568 0
1756716635611 1.3141636278208568 0
1756716654870 1.3478731120369303 0
1756717056886 0.4403499689791801 0
1756717084350 0.4403499689791801 0
1756717100860 0.4403499689791801 0
1756717129585 0.4403499689791801 0
1756717435738 0.4403499689791801 0
1756717461709 0.4403499689791801 0
1756717469209 0.4403499689791801 0
1756717497217 0.4403499689791801 0
1756718474144 0.4403499689791801 0
1756718587824 0.4403499689791801 0
1756718603929 0.4403499689791801 0
1756718734188 0.4403499689791801 0
