1756716555736 1.6842063624656956 0
1756716613264 1.6842063624656956 0
1756716635611 1.6842063624656956 0
1756716654870 1.6949776540397088 0
1756717056886 0.5588771327289673 0
1756717084350 0.5588771327289673 0
1756717100860 0.5588771327289673 0
1756717129585 0.5588771327289673 0
1756717435738 0.5588771327289673 0
1756717461709 0.5588771327289673 0
1756717469209 0.5588771327289673 0
1756717497217 0.5588771327289673 0
1756718474144 0.5588771327289673 0
1756718587824 0.5588771327289673 0
1756718603929 0.5588771327289673 0
1756718734188 0.5588771327289673 0
