1756660861658 -2.572567498221232 0
1756660938948 -2.882977676236987 0
1756660966265 -2.882977676236987 0
1756660986221 -2.882977676236987 0
1756661497916 -1.0581147127636863 0
1756661528199 -1.0581147127636863 0
1756661544554 -1.0581147127636863 0
1756661576162 -1.0581147127636863 0
1756661931599 -1.0581147127636863 0
1756661962683 -1.0581147127636863 0
1756661970096 -1.0581147127636863 0
1756662002570 -1.0581147127636863 0
1756662709174 -1.0581147127636863 0
1756662837655 -1.0581147127636863 0
1756662854800 -1.0581147127636863 0
1756663002164 -1.0581147127636863 0
