1756660861658 1.2235382859624488 0
1756660938948 0.945605389850667 0
1756660966265 0.945605389850667 0
1756660986221 0.945605389850667 0
1756661497916 0.41075203868365945 0
1756661528199 0.41075203868365945 0
1756661544554 0.41075203868365945 0
1756661576162 0.41075203868365945 0
1756661931599 0.41075203868365945 0
1756661962683 0.41075203868365945 0
1756661970096 0.41075203868365945 0
1756662002570 0.41075203868365945 0
1756662709174 0.41075203868365945 0
1756662837655 0.41075203868365945 0
1756662854800 0.41075203868365945 0
1756663002164 0.41075203868365945 0
