1756660861658 1.4970459372159275 0
1756660938948 0.8941695533146319 0
1756660966265 0.8941695533146319 0
1756660986221 0.8941695533146319 0
1756661497916 0.16871723728278246 0
1756661528199 0.16871723728278246 0
1756661544554 0.16871723728278246 0
1756661576162 0.16871723728278246 0
1756661931599 0.16871723728278246 0
1756661962683 0.16871723728278246 0
1756661970096 0.16871723728278246 0
1756662002570 0.16871723728278246 0
1756662709174 0.16871723728278246 0
1756662837655 0.16871723728278246 0
1756662854800 0.16871723728278246 0
1756663002164 0.16871723728278246 0
