1756476064251 10.92375771222575 0
1756476130010 9.452146218258878 0
1756476163247 9.452146218258878 0
1756476194793 8.28677326815065 0
1756476767076 6.423645012041742 0
1756476795135 6.144026492825863 0
1756476810881 6.144026492825863 0
1756476839323 6.144026492825863 0
1756477192135 6.144026492825863 0
1756477219553 6.144026492825863 0
1756477226902 6.144026492825863 0
1756477256084 6.144026492825863 0
1756477783376 6.144026492825863 0
1756477906698 6.144026492825863 0
1756477923209 6.144026492825863 0
1756478066466 6.144026492825863 0
