1756476064251 80.16202386448748 0
1756476130010 39.78793208188647 0
1756476163247 39.78793208188647 0
1756476194793 113.18288492341188 0
1756476767076 13.770214828212007 0
1756476795135 31.257487535970157 0
1756476810881 31.257487535970157 0
1756476839323 31.257487535970157 0
1756477192135 31.257487535970157 0
1756477219553 31.257487535970157 0
1756477226902 31.257487535970157 0
1756477256084 31.257487535970157 0
1756477783376 31.257487535970157 0
1756477906698 31.257487535970157 0
1756477923209 31.257487535970157 0
1756478066466 31.257487535970157 0
