1756476064251 6.682009354117719 0
1756476130010 3.8341354489751405 0
1756476163247 3.8341354489751405 0
1756476194793 7.667970431848343 0
1756476767076 2.792373136938795 0
1756476795135 4.146339145790858 0
1756476810881 4.146339145790858 0
1756476839323 4.146339145790858 0
1756477192135 4.146339145790858 0
1756477219553 4.146339145790858 0
1756477226902 4.146339145790858 0
1756477256084 4.146339145790858 0
1756477783376 4.146339145790858 0
1756477906698 4.146339145790858 0
1756477923209 4.146339145790858 0
1756478066466 4.146339145790858 0
