1757322275771 6.740219815684228 0
1757322301453 6.740219815684228 0
1757322339788 6.7263248677355 0
1757322446391 6.7263248677355 0
1757324020408 6.321148562203376 0
1757324470074 6.321148562203376 0
1757324510380 6.321148562203376 0
1757324995655 6.321148562203376 0
1757327677355 6.321148562203376 0
1757327698592 6.321148562203376 0
1757327716717 6.321148562203376 0
1757327735070 6.321148562203376 0
1757328304816 6.321148562203376 0
1757328405627 6.321148562203376 0
1757328437784 6.321148562203376 0
1757328564829 6.321148562203376 0
