1756719795526 1.2310278004833737 0
1756719820428 1.2310278004833737 0
1756719880685 1.2310278004833737 0
1756719920164 1.2310278004833737 0
1756722912264 1.159192764631141 0
1756723252826 1.1509122308795647 0
1756723287744 1.1509122308795647 0
1756723761793 1.1509122308795647 0
1756724681468 1.1509122308795647 0
1756724698063 1.1509122308795647 0
1756724716555 1.1509122308795647 0
1756724733087 1.1509122308795647 0
1756725609087 1.1509122308795647 0
1756725666566 1.1509122308795647 0
1756725691543 1.1509122308795647 0
1756725769714 1.1509122308795647 0
