1756719795526 17.689775119400256 0
1756719820428 17.689775119400256 0
1756719880685 17.689775119400256 0
1756719920164 17.689775119400256 0
1756722912264 17.961681696873658 0
1756723252826 17.773424176863 0
1756723287744 17.773424176863 0
1756723761793 17.773424176863 0
1756724681468 17.773424176863 0
1756724698063 17.773424176863 0
1756724716555 17.773424176863 0
1756724733087 17.773424176863 0
1756725609087 17.773424176863 0
1756725666566 17.773424176863 0
1756725691543 17.773424176863 0
1756725769714 17.773424176863 0
