1756222238298 46.87645015176406 0
1756222310922 36.75230642524659 0
1756222340554 22.939499673130673 0
1756222380464 26.870425495598667 0
1756222847022 26.870425495598667 0
1756222875311 26.870425495598667 0
1756222892675 26.870425495598667 0
1756222922273 26.870425495598667 0
1756223250046 26.870425495598667 0
1756223275718 26.870425495598667 0
1756223283749 26.870425495598667 0
1756223316114 26.870425495598667 0
1756224270477 26.870425495598667 0
1756224384421 26.870425495598667 0
1756224400838 26.870425495598667 0
1756224537357 26.870425495598667 0
1756225581539 26.870425495598667 0
1756225683833 26.870425495598667 0
1756225718713 26.870425495598667 0
