1756222238298 162.39889124670077 0
1756222310922 157.37559016605147 0
1756222340554 155.3176693517495 0
1756222380464 158.07032232650724 0
1756222847022 158.07032232650724 0
1756222875311 158.07032232650724 0
1756222892675 158.07032232650724 0
1756222922273 158.07032232650724 0
1756223250046 158.07032232650724 0
1756223275718 158.07032232650724 0
1756223283749 158.07032232650724 0
1756223316114 158.07032232650724 0
1756224270477 158.07032232650724 0
1756224384421 158.07032232650724 0
1756224400838 158.07032232650724 0
1756224537357 158.07032232650724 0
1756225581539 158.07032232650724 0
1756225683833 158.07032232650724 0
1756225718713 158.07032232650724 0
