1756460681130 -0.14088439757106097 0
1756460745466 -0.14088439757106097 0
1756460770691 -0.14088439757106097 0
1756460791911 -0.12257580195763558 0
1756461205683 -0.10095273488106407 0
1756461232759 -0.10095273488106407 0
1756461248439 -0.10095273488106407 0
1756461276450 -0.10095273488106407 0
1756461587319 -0.10095273488106407 0
1756461612684 -0.1434565524193549 0
1756461619963 -0.1434565524193549 0
1756461647134 -0.1434565524193549 0
1756462610464 -0.1434565524193549 0
1756462725806 -0.1434565524193549 0
1756462742606 -0.1434565524193549 0
1756462873535 -0.1434565524193549 0
1756463918408 -0.1434565524193549 0
1756463966095 -0.1434565524193549 0
1756464003636 -0.1434565524193549 0
1756464052508 -0.1434565524193549 0
1756467350372 -0.1434565524193549 0
1756467771297 -0.1434565524193549 0
1756467802494 -0.1434565524193549 0
1756468181156 -0.1434565524193549 0
1756469110229 -0.1434565524193549 0
1756469124265 -0.1434565524193549 0
1756469136760 -0.1434565524193549 0
1756469152040 -0.1434565524193549 0
1756469879892 -0.1434565524193549 0
1756469945452 -0.1434565524193549 0
1756469968974 -0.1434565524193549 0
1756470076747 -0.1434565524193549 0
