1756291415018 -57.24737710076861 0
1756291505409 -67.06557504541115 0
1756291531130 -67.06557504541115 0
1756291554748 -67.06557504541115 0
1756292009172 -67.06557504541115 0
1756292037560 -63.47919188080825 0
1756292053638 -63.47919188080825 0
1756292082381 -63.42661062509812 0
1756292429318 -63.42661062509812 0
1756292458119 -63.42661062509812 0
1756292466321 -63.42661062509812 0
1756292497015 -63.42661062509812 0
1756293490255 -63.42661062509812 0
1756293628536 -63.42661062509812 0
1756293649568 -63.42661062509812 0
1756293815179 -63.42661062509812 0
