1756291415018 40.0273380083989 0
1756291505409 40.54154168141058 0
1756291531130 40.54154168141058 0
1756291554748 40.54154168141058 0
1756292009172 40.54154168141058 0
1756292037560 37.18354959885214 0
1756292053638 37.18354959885214 0
1756292082381 37.18354959885214 0
1756292429318 37.18354959885214 0
1756292458119 37.18354959885214 0
1756292466321 37.18354959885214 0
1756292497015 37.18354959885214 0
1756293490255 37.18354959885214 0
1756293628536 37.18354959885214 0
1756293649568 37.18354959885214 0
1756293815179 37.18354959885214 0
