1756291415018 11.232535278533843 0
1756291505409 9.465390517419364 0
1756291531130 9.465390517419364 0
1756291554748 9.465390517419364 0
1756292009172 9.465390517419364 0
1756292037560 9.197178110144305 0
1756292053638 9.197178110144305 0
1756292082381 9.197178110144305 0
1756292429318 9.197178110144305 0
1756292458119 9.197178110144305 0
1756292466321 9.197178110144305 0
1756292497015 9.197178110144305 0
1756293490255 9.197178110144305 0
1756293628536 9.197178110144305 0
1756293649568 9.197178110144305 0
1756293815179 9.197178110144305 0
