1756291415018 6.400496553135281 0
1756291505409 3.1531600794392833 0
1756291531130 3.1531600794392833 0
1756291554748 3.1531600794392833 0
1756292009172 3.1531600794392833 0
1756292037560 2.2378346693161895 0
1756292053638 2.2378346693161895 0
1756292082381 2.2378346693161895 0
1756292429318 2.2378346693161895 0
1756292458119 2.2378346693161895 0
1756292466321 2.2378346693161895 0
1756292497015 2.2378346693161895 0
1756293490255 2.2378346693161895 0
1756293628536 2.2378346693161895 0
1756293649568 2.2378346693161895 0
1756293815179 2.2378346693161895 0
