1757059410653 -464860.71637806 0
1757059496866 -558516.641461073 0
1757059577466 -558516.641461073 0
1757059731072 -446269.84012962907 0
1757060505952 -369648.7691864517 0
1757060534299 -369648.7691864517 0
1757060550934 -369648.7691864517 0
1757060580838 -369648.7691864517 0
1757060899329 -369648.7691864517 0
1757060924411 -369648.7691864517 0
1757060931849 -369648.7691864517 0
1757060958651 -369648.7691864517 0
1757061991363 -369648.7691864517 0
1757062114136 -422063.6572755038 0
1757062133517 -422063.6572755038 0
1757062273425 -422063.6572755038 0
1757063778549 -422063.6572755038 0
1757063923146 -422063.6572755038 0
1757063976034 -422063.6572755038 0
1757064085360 -422063.6572755038 0
1757067209488 -422063.6572755038 0
1757067551032 -422063.6572755038 0
1757067579682 -422063.6572755038 0
1757067952061 -422063.6572755038 0
1757068841856 -422063.6572755038 0
1757068859818 -422063.6572755038 0
1757068873050 -422063.6572755038 0
1757068891371 -422063.6572755038 0
1757069923533 -422063.6572755038 0
1757070010429 -422063.6572755038 0
1757070042602 -422063.6572755038 0
1757070180588 -422063.6572755038 0
