1757059410653 536.6474763175073 0
1757059496866 452.02533905699164 0
1757059577466 452.02533905699164 0
1757059731072 380.65334636359256 0
1757060505952 368.42600000000004 0
1757060534299 368.42600000000004 0
1757060550934 368.42600000000004 0
1757060580838 368.42600000000004 0
1757060899329 368.42600000000004 0
1757060924411 368.42600000000004 0
1757060931849 368.42600000000004 0
1757060958651 368.42600000000004 0
1757061991363 368.42600000000004 0
1757062114136 361.6115478515625 0
1757062133517 361.6115478515625 0
1757062273425 361.6115478515625 0
1757063778549 361.6115478515625 0
1757063923146 361.6115478515625 0
1757063976034 361.6115478515625 0
1757064085360 361.6115478515625 0
1757067209488 361.6115478515625 0
1757067551032 361.6115478515625 0
1757067579682 361.6115478515625 0
1757067952061 361.6115478515625 0
1757068841856 361.6115478515625 0
1757068859818 361.6115478515625 0
1757068873050 361.6115478515625 0
1757068891371 361.6115478515625 0
1757069923533 361.6115478515625 0
1757070010429 361.6115478515625 0
1757070042602 361.6115478515625 0
1757070180588 361.6115478515625 0
