1757059410653 678.9157682021593 0
1757059496866 529.1724768317249 0
1757059577466 529.1724768317249 0
1757059731072 465.58729508617114 0
1757060505952 454.19284396058026 0
1757060534299 454.19284396058026 0
1757060550934 454.19284396058026 0
1757060580838 454.19284396058026 0
1757060899329 454.19284396058026 0
1757060924411 454.19284396058026 0
1757060931849 454.19284396058026 0
1757060958651 454.19284396058026 0
1757061991363 454.19284396058026 0
1757062114136 431.44652638954227 0
1757062133517 431.44652638954227 0
1757062273425 431.44652638954227 0
1757063778549 431.44652638954227 0
1757063923146 431.44652638954227 0
1757063976034 431.44652638954227 0
1757064085360 431.44652638954227 0
1757067209488 431.44652638954227 0
1757067551032 431.44652638954227 0
1757067579682 431.44652638954227 0
1757067952061 431.44652638954227 0
1757068841856 431.44652638954227 0
1757068859818 431.44652638954227 0
1757068873050 431.44652638954227 0
1757068891371 431.44652638954227 0
1757069923533 431.44652638954227 0
1757070010429 431.44652638954227 0
1757070042602 431.44652638954227 0
1757070180588 431.44652638954227 0
