1757059410653 -420488.8640848096 0
1757059496866 -474657.585218264 0
1757059577466 -474657.585218264 0
1757059731072 -444041.23545093636 0
1757060505952 -178641.67329219743 0
1757060534299 -178641.67329219743 0
1757060550934 -178641.67329219743 0
1757060580838 -178641.67329219743 0
1757060899329 -178641.67329219743 0
1757060924411 -178641.67329219743 0
1757060931849 -178641.67329219743 0
1757060958651 -178641.67329219743 0
1757061991363 -178641.67329219743 0
1757062114136 -304443.6455206009 0
1757062133517 -304443.6455206009 0
1757062273425 -304443.6455206009 0
1757063778549 -304443.6455206009 0
1757063923146 -304443.6455206009 0
1757063976034 -304443.6455206009 0
1757064085360 -304443.6455206009 0
1757067209488 -304443.6455206009 0
1757067551032 -304443.6455206009 0
1757067579682 -304443.6455206009 0
1757067952061 -304443.6455206009 0
1757068841856 -304443.6455206009 0
1757068859818 -304443.6455206009 0
1757068873050 -304443.6455206009 0
1757068891371 -304443.6455206009 0
1757069923533 -304443.6455206009 0
1757070010429 -304443.6455206009 0
1757070042602 -304443.6455206009 0
1757070180588 -304443.6455206009 0
