1756973544518 -2698.6287513323905 0
1756973624908 -2698.6287513323905 0
1756973660441 -2698.6287513323905 0
1756973714041 -2698.6287513323905 0
1756974091769 -1895.7629204909367 0
1756974120986 -2077.9136427465755 0
1756974137412 -2077.9136427465755 0
1756974166848 -2077.9136427465755 0
1756974462830 -2077.9136427465755 0
1756974492239 -3009.391804291551 0
1756974500156 -3009.391804291551 0
1756974531083 -3009.391804291551 0
1756975829729 -3009.391804291551 0
1756975947906 -3009.391804291551 0
1756975966272 -3009.391804291551 0
1756976099187 -3009.391804291551 0
