1756973544518 45.497805181936606 0
1756973624908 45.497805181936606 0
1756973660441 45.497805181936606 0
1756973714041 45.497805181936606 0
1756974091769 44.423189534969914 0
1756974120986 44.41715666837201 0
1756974137412 44.41715666837201 0
1756974166848 44.41715666837201 0
1756974462830 44.41715666837201 0
1756974492239 42.76204051796157 0
1756974500156 42.76204051796157 0
1756974531083 42.76204051796157 0
1756975829729 42.76204051796157 0
1756975947906 42.76204051796157 0
1756975966272 42.76204051796157 0
1756976099187 42.76204051796157 0
