1756973544518 0.3429362185104684 0
1756973624908 0.3429362185104684 0
1756973660441 0.3429362185104684 0
1756973714041 0.3429362185104684 0
1756974091769 0.5178025847240622 0
1756974120986 0.8463240627038112 0
1756974137412 0.8463240627038112 0
1756974166848 0.8463240627038112 0
1756974462830 0.8463240627038112 0
1756974492239 0.7724473737403738 0
1756974500156 0.7724473737403738 0
1756974531083 0.7724473737403738 0
1756975829729 0.7724473737403738 0
1756975947906 0.7724473737403738 0
1756975966272 0.7724473737403738 0
1756976099187 0.7724473737403738 0
