1757491202281 68.14572520270524 0
1757491268737 68.14572520270524 0
1757491299553 68.14572520270512 0
1757491329685 52.12040660989743 0
1757491951429 52.12040660989743 0
1757491979053 52.12040660989743 0
1757491994441 52.12040660989743 0
1757492021374 52.12040660989743 0
1757492394636 52.12040660989743 0
1757492423904 52.12040660989743 0
1757492431218 52.12040660989743 0
1757492461739 52.12040660989743 0
1757492775537 52.12040660989743 0
1757492818103 52.12040660989743 0
1757492830018 52.12040660989743 0
1757492889946 52.12040660989743 0
