1757491202281 52.94367214501096 0
1757491268737 52.94367214501096 0
1757491299553 52.943672145011 0
1757491329685 48.256951514702514 0
1757491951429 48.256951514702514 0
1757491979053 48.256951514702514 0
1757491994441 48.256951514702514 0
1757492021374 48.256951514702514 0
1757492394636 48.256951514702514 0
1757492423904 48.256951514702514 0
1757492431218 48.256951514702514 0
1757492461739 48.256951514702514 0
1757492775537 48.256951514702514 0
1757492818103 48.256951514702514 0
1757492830018 48.256951514702514 0
1757492889946 48.256951514702514 0
