1756291253148 8.121950476117872 0
1756291343517 7.985325953490576 0
1756291367467 7.985325953490576 0
1756291391381 6.577665893845663 0
1756291915230 6.539008789141346 0
1756291945731 6.539008789141346 0
1756291962122 6.539008789141346 0
1756291993878 6.539008789141346 0
1756292337325 6.539008789141346 0
1756292374959 6.539008789141346 0
1756292382557 6.539008789141346 0
1756292421947 6.539008789141346 0
1756293149683 6.539008789141346 0
1756293283200 6.653554688329282 0
1756293299583 6.653554688329282 0
1756293473055 6.653554688329282 0
1756294596493 6.653554688329282 0
1756294635820 6.653554688329282 0
1756294666488 6.653554688329282 0
1756294703843 6.653554688329282 0
1756296829791 6.653554688329282 0
1756297262096 6.653554688329282 0
1756297297403 6.653554688329282 0
1756297840420 6.653554688329282 0
1756299645774 6.653554688329282 0
1756299667475 6.653554688329282 0
1756299689031 6.653554688329282 0
1756299710970 6.653554688329282 0
1756300586879 6.653554688329282 0
1756300669028 6.653554688329282 0
1756300712847 6.653554688329282 0
1756300850950 6.653554688329282 0
