1756291253148 -1.1107421914108597 0
1756291343517 -0.6498686372177729 0
1756291367467 -0.6498686372177729 0
1756291391381 -0.015603068798845765 0
1756291915230 -0.009554257001771926 0
1756291945731 -0.009554257001771926 0
1756291962122 -0.009554257001771926 0
1756291993878 -0.009554257001771926 0
1756292337325 -0.009554257001771926 0
1756292374959 -0.009554257001771926 0
1756292382557 -0.009554257001771926 0
1756292421947 -0.009554257001771926 0
1756293149683 -0.009554257001771926 0
1756293283200 -0.0005753561806001173 0
1756293299583 -0.0005753561806001173 0
1756293473055 -0.0005753561806001173 0
1756294596493 -0.0005753561806001173 0
1756294635820 -0.0005753561806001173 0
1756294666488 -0.0005753561806001173 0
1756294703843 -0.0005753561806001173 0
1756296829791 -0.0005753561806001173 0
1756297262096 -0.0005753561806001173 0
1756297297403 -0.0005753561806001173 0
1756297840420 -0.0005753561806001173 0
1756299645774 -0.0005753561806001173 0
1756299667475 -0.0005753561806001173 0
1756299689031 -0.0005753561806001173 0
1756299710970 -0.0005753561806001173 0
1756300586879 -0.0005753561806001173 0
1756300669028 -0.0005753561806001173 0
1756300712847 -0.0005753561806001173 0
1756300850950 -0.0005753561806001173 0
