1756291253148 -89.51000529471263 0
1756291343517 -116.78167831067438 0
1756291367467 -116.78167831067438 0
1756291391381 -104.11751357286337 0
1756291915230 -44.30135554870896 0
1756291945731 -44.30135554870896 0
1756291962122 -44.30135554870896 0
1756291993878 -44.30135554870896 0
1756292337325 -44.30135554870896 0
1756292374959 -44.30135554870896 0
1756292382557 -44.30135554870896 0
1756292421947 -44.30135554870896 0
1756293149683 -44.30135554870896 0
1756293283200 -59.234140929475274 0
1756293299583 -59.234140929475274 0
1756293473055 -59.234140929475274 0
1756294596493 -59.234140929475274 0
1756294635820 -59.234140929475274 0
1756294666488 -59.234140929475274 0
1756294703843 -59.234140929475274 0
1756296829791 -59.234140929475274 0
1756297262096 -59.234140929475274 0
1756297297403 -59.234140929475274 0
1756297840420 -59.234140929475274 0
1756299645774 -59.234140929475274 0
1756299667475 -59.234140929475274 0
1756299689031 -59.234140929475274 0
1756299710970 -59.234140929475274 0
1756300586879 -59.234140929475274 0
1756300669028 -59.234140929475274 0
1756300712847 -59.234140929475274 0
1756300850950 -59.234140929475274 0
