1756202543390 398.681409487284 0
1756202642397 398.681409487284 0
1756202752584 409.3484372314327 0
1756202898278 353.73920256900027 0
1756203987538 336.1931666666667 0
1756204017216 332.0061336267271 0
1756204032749 332.0061336267271 0
1756204062947 332.0061336267271 0
1756204375064 332.0061336267271 0
1756204406001 332.0061336267271 0
1756204412879 332.0061336267271 0
1756204445236 332.0061336267271 0
1756205182488 332.0061336267271 0
1756205319064 332.0061336267271 0
1756205335400 332.0061336267271 0
1756205495721 332.0061336267271 0
