1756202543390 496.11347782639257 0
1756202642397 496.11347782639257 0
1756202752584 414.25685915647404 0
1756202898278 434.7450576982125 0
1756203987538 160.12566733901676 0
1756204017216 298.8020452955193 0
1756204032749 298.8020452955193 0
1756204062947 298.8020452955193 0
1756204375064 298.8020452955193 0
1756204406001 298.8020452955193 0
1756204412879 298.8020452955193 0
1756204445236 298.8020452955193 0
1756205182488 298.8020452955193 0
1756205319064 298.8020452955193 0
1756205335400 298.8020452955193 0
1756205495721 298.8020452955193 0
