1756225580719 13.576970721750323 0
1756225683100 13.40650264752686 0
1756225717961 13.40650264752686 0
1756225823715 9.53825789713296 0
1756230090881 9.53825789713296 0
1756230713384 9.53825789713296 0
1756230751322 9.53825789713296 0
1756231219704 9.53825789713296 0
1756232175356 9.53825789713296 0
1756232190719 9.53825789713296 0
1756232205719 9.53825789713296 0
1756232227029 9.53825789713296 0
1756233400018 9.53825789713296 0
1756233518121 9.53825789713296 0
1756233550486 9.53825789713296 0
1756233684356 9.53825789713296 0
