1756225580719 -1.547470917231943 0
1756225683100 -1.441969213470823 0
1756225717961 -1.441969213470823 0
1756225823715 -0.03496621403540301 0
1756230090881 -0.03496621403540301 0
1756230713384 -0.03496621403540301 0
1756230751322 -0.03496621403540301 0
1756231219704 -0.03496621403540301 0
1756232175356 -0.03496621403540301 0
1756232190719 -0.03496621403540301 0
1756232205719 -0.03496621403540301 0
1756232227029 -0.03496621403540301 0
1756233400018 -0.03496621403540301 0
1756233518121 -0.03496621403540301 0
1756233550486 -0.03496621403540301 0
1756233684356 -0.03496621403540301 0
