1757318980442 -62.9586292025386 0
1757319035734 -62.9586292025386 0
1757319061154 -62.9586292025386 0
1757319086202 -62.9586292025386 0
1757319621913 -38.440859264393936 0
1757319651542 -38.76943385527516 0
1757319669397 -38.76943385527516 0
1757319699456 -38.76943385527516 0
1757320040484 -38.76943385527516 0
1757320065387 -38.76943385527516 0
1757320072712 -38.76943385527516 0
1757320099327 -38.76943385527516 0
1757320643169 -38.76943385527516 0
1757320791042 -42.55628675929673 0
1757320809004 -42.55628675929673 0
1757320974221 -42.55628675929673 0
