1757318980442 0.1984880332449308 0
1757319035734 0.1984880332449308 0
1757319061154 0.1984880332449308 0
1757319086202 0.1984880332449308 0
1757319621913 0.37736818307385067 0
1757319651542 0.38369062648732843 0
1757319669397 0.38369062648732843 0
1757319699456 0.38369062648732843 0
1757320040484 0.38369062648732843 0
1757320065387 0.38369062648732843 0
1757320072712 0.38369062648732843 0
1757320099327 0.38369062648732843 0
1757320643169 0.38369062648732843 0
1757320791042 0.39534743683979445 0
1757320809004 0.39534743683979445 0
1757320974221 0.39534743683979445 0
