1756727386408 -0.43377516925339193 0
1756727417105 -0.42374700981017166 0
1756727438009 -0.42374700981017166 0
1756727463007 -0.43356164894001264 0
1756727877525 -0.05955927374251487 0
1756727907336 -0.23240606887726178 0
1756727923433 -0.23240606887726178 0
1756727953282 -0.23240606887726178 0
1756728295421 -0.23240606887726178 0
1756728325997 -0.23240606887726178 0
1756728333915 -0.23240606887726178 0
1756728368250 -0.23240606887726178 0
1756729114474 -0.07375069097010901 0
1756729237799 -0.07375069097010901 0
1756729255100 -0.07375069097010901 0
1756729396089 -0.07375069097010901 0
