1756553016625 9.255558597690374 0
1756553081102 9.255558597690374 0
1756553106899 9.255558596531756 0
1756553132073 5.763623165285521 0
1756553569322 5.714354679754885 0
1756553597615 5.714354679754885 0
1756553613129 5.714354679754885 0
1756553642406 5.714354679754885 0
1756553971944 5.714354679754885 0
1756554003015 5.714354679754885 0
1756554009878 5.714354679754885 0
1756554043054 5.714354679754885 0
1756555025352 5.714354679754885 0
1756555150303 5.714354679754885 0
1756555166251 5.714354679754885 0
1756555310002 5.714354679754885 0
