1756553016625 5.666229097127365 0
1756553081102 5.666229097127365 0
1756553106899 5.666229095891832 0
1756553132073 6.893144674778465 0
1756553569322 2.9549965313744178 0
1756553597615 2.9549965313744178 0
1756553613129 2.9549965313744178 0
1756553642406 2.9549965313744178 0
1756553971944 2.9549965313744178 0
1756554003015 2.9549965313744178 0
1756554009878 2.9549965313744178 0
1756554043054 2.9549965313744178 0
1756555025352 2.9549965313744178 0
1756555150303 2.9549965313744178 0
1756555166251 2.9549965313744178 0
1756555310002 2.9549965313744178 0
