1756800109926 2.4771317626100124 0
1756800179545 2.4771317626100124 0
1756800211583 2.4771317625674456 0
1756800249479 2.4771317625674456 0
1756800744375 2.4771317625674456 0
1756800773007 2.4771317625674456 0
1756800789357 2.4771317625674456 0
1756800819290 2.4771317625674456 0
1756801179971 2.4771317625674456 0
1756801208030 2.4771317625674456 0
1756801215965 2.4771317625674456 0
1756801244600 2.4771317625674456 0
1756802029304 2.4771317625674456 0
1756802169408 2.4771317625674456 0
1756802187325 2.4771317625674456 0
1756802345021 2.4771317625674456 0
1756803672613 2.4771317625674456 0
1756803792820 2.4771317625674456 0
1756803855494 2.4771317625674456 0
1756803902760 2.4771317625674456 0
1756806279094 2.4771317625674456 0
1756806743772 2.4771317625674456 0
1756806777797 2.4771317625674456 0
1756807130543 2.4771317625674456 0
1756808958976 2.4771317625674456 0
1756808974486 2.4771317625674456 0
1756808988182 2.4771317625674456 0
1756809005309 2.4771317625674456 0
1756809617886 2.4771317625674456 0
1756809687842 2.4771317625674456 0
1756809711965 2.4771317625674456 0
1756809799830 2.4771317625674456 0
