1756800109926 0.5542084132618524 0
1756800179545 0.5542084132618524 0
1756800211583 0.5542084132148364 0
1756800249479 0.5542084132148364 0
1756800744375 0.5542084132148364 0
1756800773007 0.5542084132148364 0
1756800789357 0.5542084132148364 0
1756800819290 0.5542084132148364 0
1756801179971 0.5542084132148364 0
1756801208030 0.5542084132148364 0
1756801215965 0.5542084132148364 0
1756801244600 0.5542084132148364 0
1756802029304 0.5542084132148364 0
1756802169408 0.5542084132148364 0
1756802187325 0.5542084132148364 0
1756802345021 0.5542084132148364 0
1756803672613 0.5542084132148364 0
1756803792820 0.5542084132148364 0
1756803855494 0.5542084132148364 0
1756803902760 0.5542084132148364 0
1756806279094 0.5542084132148364 0
1756806743772 0.5542084132148364 0
1756806777797 0.5542084132148364 0
1756807130543 0.5542084132148364 0
1756808958976 0.5542084132148364 0
1756808974486 0.5542084132148364 0
1756808988182 0.5542084132148364 0
1756809005309 0.5542084132148364 0
1756809617886 0.5542084132148364 0
1756809687842 0.5542084132148364 0
1756809711965 0.5542084132148364 0
1756809799830 0.5542084132148364 0
