1756741559151 5.3654186966103925 0
1756741625243 5.361304772587299 0
1756741663751 5.361304772587299 0
1756741750122 5.150449177296703 0
1756743411001 5.112302599876373 0
1756743876283 5.112302599876373 0
1756743911094 5.112302599876373 0
1756744356695 5.112302599876373 0
1756764794987 4.9619268923940325 0
1756764809120 4.9619268923940325 0
1756764821313 4.9619268923940325 0
1756764836171 4.9619268923940325 0
1756765258364 4.9619268923940325 0
1756765331962 4.9619268923940325 0
1756765355586 4.9619268923940325 0
1756765471743 4.9619268923940325 0
