1756741559151 2.3331399258293786 0
1756741625243 2.2803889065255847 0
1756741663751 2.2803889065255847 0
1756741750122 2.2549753663575567 0
1756743411001 2.23343819503001 0
1756743876283 2.23343819503001 0
1756743911094 2.23343819503001 0
1756744356695 2.23343819503001 0
1756764794987 2.179714634427508 0
1756764809120 2.179714634427508 0
1756764821313 2.179714634427508 0
1756764836171 2.179714634427508 0
1756765258364 2.179714634427508 0
1756765331962 2.179714634427508 0
1756765355586 2.179714634427508 0
1756765471743 2.179714634427508 0
