1756637109493 10.105174237466747 0
1756637158640 10.105174237466747 0
1756637212016 10.105174237466747 0
1756637320794 8.624603829224434 0
1756639777146 8.624603829224434 0
1756640275712 8.624603829224434 0
1756640316075 8.624603829224434 0
1756640925632 8.624603829224434 0
1756643372681 8.624603829224434 0
1756643390749 8.624603829224434 0
1756643408946 8.624603829224434 0
1756643429474 8.624603829224434 0
1756644435648 8.624603829224434 0
1756644557459 8.624603829224434 0
1756644599655 8.624603829224434 0
1756644691587 8.624603829224434 0
