1756460277758 0.09955110082170993 0
1756460349217 0.1096264448005799 0
1756460378482 0.1096264448005799 0
1756460398789 0.1096264448005799 0
1756460943825 0.026694870657679403 0
1756460970334 0.026694870657679403 0
1756460985431 0.026694870657679403 0
1756461012865 0.026694870657679403 0
1756461366935 0.08335228758169937 0
1756461396171 0.08335228758169937 0
1756461402729 0.08335228758169937 0
1756461433819 0.08335228758169937 0
1756461728327 0.08335228758169937 0
1756461831002 0.08335228758169937 0
1756461848280 0.08335228758169937 0
1756461974060 0.08335228758169937 0
