1756478997325 -74.990537130564 0
1756479076706 -73.42697953815876 0
1756479142198 -71.93131846517235 0
1756479193012 -96.03257090968116 0
1756480220385 -67.53357419162823 0
1756480558863 -67.53357419162823 0
1756480591327 -67.53357419162823 0
1756481067435 -67.53357419162823 0
1756484803874 -67.53357419162823 0
1756484820452 -67.53357419162823 0
1756484835103 -67.53357419162823 0
1756484852879 -67.53357419162823 0
1756485126684 -67.53357419162823 0
1756485243127 -67.53357419162823 0
1756485278062 -67.53357419162823 0
1756485506744 -67.53357419162823 0
