1756478997325 -0.017441607895125166 0
1756479076706 0.05779215896695289 0
1756479142198 0.12973288937710437 0
1756479193012 0.13050899882915523 0
1756480220385 0.16486918610450518 0
1756480558863 0.16486918610450518 0
1756480591327 0.16486918610450518 0
1756481067435 0.16486918610450518 0
1756484803874 0.16486918610450518 0
1756484820452 0.16486918610450518 0
1756484835103 0.16486918610450518 0
1756484852879 0.16486918610450518 0
1756485126684 0.16486918610450518 0
1756485243127 0.16486918610450518 0
1756485278062 0.16486918610450518 0
1756485506744 0.16486918610450518 0
