1756307558553 -42.96376737486695 0
1756307615962 -48.33440677301256 0
1756307662761 -48.33440677301256 0
1756307732456 -48.33440677301256 0
1756311163373 -48.33440677301256 0
1756311568357 -48.33440677301256 0
1756311607177 -48.33440677301256 0
1756311994299 -48.33440677301256 0
1756313119666 -48.33440677301256 0
1756313146327 -48.33440677301256 0
1756313165652 -48.33440677301256 0
1756313192399 -48.33440677301256 0
1756314522345 -48.33440677301256 0
1756314733960 -48.33440677301256 0
1756314765017 -48.33440677301256 0
1756314893820 -48.33440677301256 0
