1756989317741 4.18657642143561 0
1756989388419 4.18657642143561 0
1756989421401 4.18657642143561 0
1756989445281 4.281873683885949 0
1756990035602 3.9139398382662622 0
1756990062432 3.9139398382662622 0
1756990077926 3.9139398382662622 0
1756990105524 3.9139398382662622 0
1756990470744 3.9139398382662622 0
1756990497383 3.9139398382662622 0
1756990504806 3.9139398382662622 0
1756990535097 3.9139398382662622 0
1756990854403 3.9379673285542633 0
1756990971464 4.362002014481334 0
1756990989841 4.362002014481334 0
1756991123290 4.362002014481334 0
