1756989317741 0.35157608480679037 0
1756989388419 0.35157608480679037 0
1756989421401 0.35157608480679037 0
1756989445281 0.0558263186426865 0
1756990035602 0.8735737669162208 0
1756990062432 0.8735737669162208 0
1756990077926 0.8735737669162208 0
1756990105524 0.8735737669162208 0
1756990470744 0.8735737669162208 0
1756990497383 0.8735737669162208 0
1756990504806 0.8735737669162208 0
1756990535097 0.8735737669162208 0
1756990854403 0.8773160397542363 0
1756990971464 0.9907145895549029 0
1756990989841 0.9907145895549029 0
1756991123290 0.9907145895549029 0
