1756741278673 4.733287906635497 0
1756741369426 4.733287906635497 0
1756741412106 4.733287906635497 0
1756741507685 4.733287906635497 0
1756742661641 4.492440304025861 0
1756742990687 4.492440304025861 0
1756743028856 4.492440304025861 0
1756743372532 4.492440304025861 0
1756764740619 4.492440304025861 0
1756764755103 4.492440304025861 0
1756764767433 4.492440304025861 0
1756764782774 4.492440304025861 0
1756765029268 4.492440304025861 0
1756765118795 4.492440304025861 0
1756765144401 4.492440304025861 0
1756765234374 4.492440304025861 0
