1756741278673 0.051424787292619345 0
1756741369426 0.051424787292619345 0
1756741412106 0.051424787292619345 0
1756741507685 0.051424787292619345 0
1756742661641 0.10727871316584059 0
1756742990687 0.10727871316584059 0
1756743028856 0.10727871316584059 0
1756743372532 0.10727871316584059 0
1756764740619 0.10727871316584059 0
1756764755103 0.10727871316584059 0
1756764767433 0.10727871316584059 0
1756764782774 0.10727871316584059 0
1756765029268 0.10727871316584059 0
1756765118795 0.10727871316584059 0
1756765144401 0.10727871316584059 0
1756765234374 0.10727871316584059 0
