1756741278673 2.175279138155864 0
1756741369426 2.175279138155864 0
1756741412106 2.175279138155864 0
1756741507685 2.175279138155864 0
1756742661641 2.1102652827572737 0
1756742990687 2.1102652827572737 0
1756743028856 2.1102652827572737 0
1756743372532 2.1102652827572737 0
1756764740619 2.1102652827572737 0
1756764755103 2.1102652827572737 0
1756764767433 2.1102652827572737 0
1756764782774 2.1102652827572737 0
1756765029268 2.1102652827572737 0
1756765118795 2.1102652827572737 0
1756765144401 2.1102652827572737 0
1756765234374 2.1102652827572737 0
