1756240227666 6.192324606980744 0
1756240330274 5.679115064237637 0
1756240354001 5.679115064237637 0
1756240404199 5.549201821795394 0
1756241530622 5.549201821795394 0
1756241929902 5.365608409746429 0
1756241963234 5.365608409746429 0
1756242292663 5.3741674892791815 0
1756245448585 5.3741674892791815 0
1756245466303 5.1512820512820525 0
1756245479410 5.1512820512820525 0
1756245496535 5.1512820512820525 0
1756245801738 5.1512820512820525 0
1756245930315 5.1512820512820525 0
1756245964057 5.1512820512820525 0
1756246220244 5.1512820512820525 0
