1756240227666 0.02744881878710348 0
1756240330274 0.17062677764502632 0
1756240354001 0.17062677764502632 0
1756240404199 0.1879832740499211 0
1756241530622 0.1879832740499211 0
1756241929902 0.22935313376265154 0
1756241963234 0.22935313376265154 0
1756242292663 0.23070761320965272 0
1756245448585 0.23070761320965272 0
1756245466303 0.3024251675766174 0
1756245479410 0.3024251675766174 0
1756245496535 0.3024251675766174 0
1756245801738 0.3024251675766174 0
1756245930315 0.3024251675766174 0
1756245964057 0.3024251675766174 0
1756246220244 0.3024251675766174 0
