1756674450284 19.098854902581945 0
1756674507354 19.098854902581945 0
1756674527108 19.098854902581945 0
1756674549863 18.402342668228723 0
1756674920372 18.402342668228723 0
1756674946757 15.362851315723864 0
1756674962526 15.362851315723864 0
1756674989682 15.362851315723864 0
1756675297711 15.362851315723864 0
1756675324166 14.141611001027337 0
1756675331597 14.141611001027337 0
1756675359206 14.141611001027337 0
1756676453086 14.141611001027337 0
1756676564538 14.141611001027337 0
1756676581185 14.141611001027337 0
1756676710683 14.141611001027337 0
1756677438090 14.141611001027337 0
1756677488699 14.141611001027337 0
1756677523111 14.141611001027337 0
1756677570314 14.141611001027337 0
1756681535032 14.141611001027337 0
1756681933534 14.141611001027337 0
1756681970319 14.141611001027337 0
1756682324428 14.141611001027337 0
1756682581319 14.141611001027337 0
1756682596434 14.141611001027337 0
1756682608731 14.141611001027337 0
1756682625603 14.141611001027337 0
1756683421294 14.141611001027337 0
1756683479791 14.141611001027337 0
1756683506384 14.141611001027337 0
1756683587588 14.141611001027337 0
