1756674450284 -0.23233961098833622 0
1756674507354 -0.23233961098833622 0
1756674527108 -0.23233961098833622 0
1756674549863 -0.015812889272714514 0
1756674920372 -0.015812889272714514 0
1756674946757 0.10971386164873687 0
1756674962526 0.10971386164873687 0
1756674989682 0.10971386164873687 0
1756675297711 0.10971386164873687 0
1756675324166 0.19351586560240797 0
1756675331597 0.19351586560240797 0
1756675359206 0.19351586560240797 0
1756676453086 0.19351586560240797 0
1756676564538 0.19351586560240797 0
1756676581185 0.19351586560240797 0
1756676710683 0.19351586560240797 0
1756677438090 0.19351586560240797 0
1756677488699 0.19351586560240797 0
1756677523111 0.19351586560240797 0
1756677570314 0.19351586560240797 0
1756681535032 0.19351586560240797 0
1756681933534 0.19351586560240797 0
1756681970319 0.19351586560240797 0
1756682324428 0.19351586560240797 0
1756682581319 0.19351586560240797 0
1756682596434 0.19351586560240797 0
1756682608731 0.19351586560240797 0
1756682625603 0.19351586560240797 0
1756683421294 0.19351586560240797 0
1756683479791 0.19351586560240797 0
1756683506384 0.19351586560240797 0
1756683587588 0.19351586560240797 0
